1 0.30201398135818897 0.617842876165113 0.0569241011984021 0.07190412782956054
1 0.35933338881491345 0.6997336884154461 0.03557756324900126 0.11850865512649804
4 0.7894265978695073 0.6804260985352863 0.2806674434087884 0.6391478029294274
5 0.4712050599201065 0.7470039946737682 0.07431757656458053 0.10652463382157137
7 0.6807173768308921 0.2496671105193076 0.06957390146471369 0.10252996005326227
7 0.29845622503328895 0.3841544607190413 0.038740013315579205 0.051930758988015954
2 0.3024092876165113 0.30492676431424764 0.07352696404793611 0.12516644474034616
4 0.71748085885486 0.1311584553928096 0.14942576564580579 0.2197070572569907
2 0.6384196071904128 0.12849533954727033 0.007115512649800308 0.0013315579227696438
4 0.21307007323568564 0.507323568575232 0.12412616511318231 0.28761651131824184
