7 0.6863250614475274 0.3839534736599413 0.08666666666666652 0.0617543859649123
7 0.346638705473122 0.1833866035780823 0.10174506966375148 0.056140350877193095
2 0.5083333333333333 0.21263157894736842 0.035 0.04350877192982455
2 0.32416666666666666 0.11508771929824563 0.12333333333333331 0.168421052631579
5 0.6283333333333334 0.6084210526315789 0.09833333333333329 0.11929824561403507
5 0.5929166666666666 0.7691228070175439 0.0525 0.12350877192982467
5 0.44958333333333333 0.7649122807017544 0.0575 0.13754385964912275
5 0.23916666666666664 0.8680701754385964 0.07666666666666667 0.1305263157894737
4 0.3220833333333333 0.5719298245614035 0.16249999999999992 0.6582456140350879
4 0.6770833333333335 0.6814035087719296 0.12083333333333326 0.6021052631578947
2 0.7252188109831872 0.2309232087687745 0.11666666666666643 0.13192982456140395
5 0.5266666666666667 0.31649122807017543 0.01500000000000007 0.0407017543859649
4 0.5104166666666667 0.32210526315789473 0.050833333333333355 0.136140350877193
