2 0.39937106918238996 0.348229063224098 0.07547169811320764 0.060906984442237654
3 0.3954402515723271 0.4276729559748428 0.03930817610062896 0.06090698444223769
2 0.5935534591194969 0.5839126117179742 0.10534591194968555 0.13505461767626614
2 0.7374213836477987 0.529625951671632 0.0943396226415095 0.1112214498510427
2 0.5762578616352202 0.43429328037073817 0.05188679245283026 0.06355511420059579
2 0.464622641509434 0.5018205892088713 0.05503144654088046 0.07149950347567036
3 0.4677672955974843 0.5614035087719299 0.03301886792452827 0.04766633565044685
3 0.565251572327044 0.6885137371731216 0.029874213836478064 0.04237007613373052
3 0.574685534591195 0.4925521350546177 0.023584905660377443 0.021185038066865333
4 0.3655660377358491 0.6077457795431976 0.09905660377358494 0.3363124793114862
4 0.6320754716981132 0.7745779543197614 0.16666666666666657 0.19860973187686237
4 0.7971698113207546 0.7454485269778219 0.15094339622641498 0.2568685865607415
5 0.43160377358490565 0.712346904998345 0.0455974842767295 0.08474015226746118
5 0.47562893081761004 0.6898378020523006 0.03301886792452827 0.045018205892088756
5 0.4992138364779875 0.7348560079443893 0.03616352201257861 0.03442568685865595
5 0.5385220125786163 0.6699768288646143 0.0235849056603773 0.042370076133730665
5 0.494496855345912 0.8315127441244621 0.02987421383647799 0.042370076133730665
4 0.48034591194968557 0.6315789473684211 0.023584905660377374 0.10857332009268454
