7 0.32674568080529404 0.4319902925484815 0.04455329893510825 0.05119355942568262
2 0.3202916982492734 0.35467399218298057 0.07619863275817497 0.09151725349385713
5 0.36830684087882815 0.8473368841544606 0.04087466711051931 0.08348868175765645
5 0.38191181908938865 0.6360072804389341 0.03387266372047894 0.0702773801065627
5 0.5237570478054155 0.588120294855304 0.020782864795313855 0.04013645187137122
5 0.41055971088693916 0.5769194245656191 0.016626291836251143 0.039203046013897375
4 0.45493758213082536 0.4928846548652474 0.0816692682588614 0.26231877708224727
7 0.4880659228124998 0.336584110143506 0.01579826562996665 0.0395162454527566
4 0.46090257650276895 0.30550300088856125 0.06146407403842611 0.06632545732818437
4 0.36149287176326866 0.6868637959304948 0.0953962210166059 0.3829604604329212
