7 0.5235849056603762 0.10327706057596821 0.1477987421383638 0.16948030453492222
4 0.5188679245283018 0.27937768950678576 0.08176100628930819 0.09798080105925176
4 0.5888364779874213 0.44356173452499176 0.18081761006289304 0.3522012578616352
1 0.4323899371069182 0.582588546838795 0.07232704402515722 0.07414763323402845
1 0.49213836477987416 0.6130420390599141 0.07547169811320749 0.10327706057596821
1 0.2602201257861635 0.5481628599801389 0.03616352201257861 0.05825885468387959
1 0.2319182389937107 0.5865607414763323 0.04559748427672958 0.034425686858656164
1 0.18632075471698112 0.5772922873220787 0.05503144654088052 0.03707381661701426
4 0.2869496855345912 0.4554783184376035 0.09276729559748421 0.1906653426017875
7 0.2468553459119497 0.3217477656405164 0.03459119496855344 0.029129427341939795
7 0.2908805031446541 0.2846739490235021 0.037735849056603744 0.023833167825223427
