2 0.18238993710691823 0.32307183051969546 0.06918238993710693 0.10062893081761004
2 0.2940251572327044 0.4938761999337967 0.05660377358490564 0.05561072492552135
2 0.4213836477987422 0.4263488910956637 0.05345911949685535 0.0688513737173121
2 0.4308176100628931 0.5786163522012578 0.10062893081761004 0.16153591525984765
2 0.578616352201258 0.5230056272757365 0.07547169811320739 0.10857332009268444
4 0.6163522012578616 0.7361800728235692 0.1415094339622646 0.27540549486925064
3 0.5534591194968556 0.598477325388944 0.022012578616352054 0.037073816617014164
3 0.4544025157232703 0.7745779543197618 0.15723270440251608 0.2039059913935781
3 0.2995283018867924 0.5587553790135718 0.048742138364779884 0.05825885468387952
3 0.17452830188679244 0.4051638530287984 0.04716981132075471 0.03707381661701426
5 0.15644654088050314 0.679245283018868 0.04874213836477985 0.09268454154253561
5 0.16588050314465405 0.47004303210857334 0.045597484276729536 0.0873882820258193
4 0.2908805031446541 0.6381992717643165 0.09433962264150943 0.14299900695134057
5 0.33411949685534587 0.7428003972194638 0.045597484276729536 0.034425686858656095
5 0.3270440251572327 0.828864614366104 0.044025157232704365 0.07414763323402852
4 0.15959119496855345 0.595829195630586 0.13364779874213842 0.4078119827871568
3 0.41745283018867924 0.48857994041708047 0.029874213836477922 0.023833167825223427
