1 0.6495433789954339 0.6325402547464551 0.13926940639269403 0.13458303292477766
2 0.44178082191780826 0.18264840182648398 0.1621004566210047 0.2845469838981014
0 0.4383408071748879 0.4625914562190229 0.20852017937219727 0.43426953032806237
7 0.46750736584654484 0.2364871680705866 0.11413114143454922 0.0764966768564601
0 0.9366731783547667 0.31660593169142454 0.053090784671532845 0.2427007299270073
2 0.9469662408759123 0.15419708029197082 0.045506386861313926 0.08576642335766424
2 0.978929060218978 0.13138686131386862 0.031421076642335774 0.05109489051094892
1 0.9285463791420581 0.33850300370747377 0.028170669230679075 0.03832153698467606
1 0.8727474908759123 0.31934306569343063 0.027087135036496335 0.04379562043795616
7 0.9355900670308489 0.20985498348988416 0.031421076642335774 0.04014598540145984
7 0.9816377737226277 0.17518248175182477 0.021669708029197068 0.029197080291970785
