2 0.04705178710117876 0.4947785843895805 0.020052866799483513 0.01991755730690933
3 0.04730887513706957 0.5201085213994544 0.01593945822523048 0.015154663168300574
1 0.03599700155787375 0.5891704864092815 0.010797697507414194 0.0173196150494865
1 0.023656775835114666 0.5978302939340248 0.00925516929206931 0.0225154995643323
4 0.051807915765158814 0.5722838617360323 0.04190534985020272 0.08400013299000918
2 0.7320243272226616 0.551814472310988 0.030006906960317253 0.03706116228081292
4 0.7273565861399457 0.6607518281061049 0.04867787129118142 0.14038319045762485
2 0.8177107170982345 0.5956140277337669 0.03467464804303333 0.04379955542277898
4 0.8177107170982345 0.6910745972449519 0.057346533301939784 0.11567574893708298
2 0.8960620852723964 0.524860899743124 0.030006906960317395 0.041553424375456983
2 0.9819875132863163 0.6123224782394613 0.0176349644454028 0.024691186744102537
3 0.982837391090914 0.6429180792049796 0.017210025543104166 0.018607850879613464
4 0.9825664383609884 0.6890096274268788 0.027716918237424438 0.06397043117565432
