2 0.3018867924528302 0.3217477656405164 0.07861635220125784 0.08738828202581932
2 0.410377358490566 0.5057927838464085 0.04716981132075468 0.06355511420059586
2 0.5220125786163522 0.4289970208540218 0.0440251572327044 0.06885137371731219
2 0.6698113207547169 0.5296259516716318 0.10691823899371058 0.13240648791790796
2 0.5377358490566038 0.5772922873220788 0.10377358490566038 0.15888778550148955
3 0.294811320754717 0.41443230718305196 0.045597484276729536 0.06090698444223761
3 0.410377358490566 0.5693478980470043 0.037735849056603786 0.04766633565044685
3 0.5125786163522014 0.4885799404170804 0.0220125786163522 0.018536908308507166
3 0.6477987421383647 0.6209864283349884 0.012578616352201238 0.034425686858656095
3 0.509433962264151 0.6871896722939423 0.02830188679245289 0.03972194637537228
5 0.3081761006289308 0.6673286991062563 0.05660377358490564 0.05825885468387952
5 0.3671383647798742 0.663356504468719 0.04559748427672958 0.034425686858656095
5 0.45204402515723274 0.6977821913273751 0.05188679245283019 0.045018205892088756
5 0.4386792452830188 0.8354849387619993 0.031446540880503096 0.03972194637537243
4 0.27908805031446543 0.6064217146640185 0.1179245283018868 0.37603442568685863
4 0.40094339622641506 0.6607083747103607 0.06289308176100633 0.1774246938099965
4 0.5864779874213837 0.7785501489572989 0.1415094339622641 0.20125786163522008
4 0.7374213836477987 0.7401522674611055 0.13836477987421375 0.27805362462760674
