2 0.3707403055229142 0.22462737336879215 0.059929494712103376 0.06531016142000123
2 0.6163337250293772 0.20186777166182204 0.057579318448883615 0.0712474488218195
2 0.5558166862514688 0.24837652297606533 0.03525264394829612 0.04156101181272806
2 0.4314506322957197 0.2587548638132296 0.03349951361867703 0.0350194552529183
7 0.616853112840467 0.2490272373540856 0.048516536964980615 0.031128404669260732
7 0.5556298638132295 0.2782101167315175 0.02541342412451364 0.019455252918287903
7 0.4291403210116731 0.2879377431906615 0.021947957198443575 0.038910505836575876
7 0.36445160505836577 0.2723735408560311 0.042740758754863745 0.031128404669260697
1 0.3465466926070039 0.4348249027237354 0.03927529182879368 0.056420233463035034
1 0.6093446011673151 0.41536964980544755 0.03580982490272362 0.04863813229571981
5 0.8294017509727625 0.38132295719844356 0.034654669260700356 0.0505836575875486
1 0.9293227140077821 0.3589494163424124 0.038120136186770424 0.04474708171206231
2 0.8011004377431906 0.26361867704280156 0.031189202334630295 0.04863813229571981
2 0.9512706712062257 0.22373540856031127 0.05198200389105054 0.046692607003891065
7 0.9443397373540856 0.26264591439688717 0.01963764591439684 0.031128404669260697
7 0.797057392996109 0.29085603112840475 0.013861867704280354 0.029182879377431917
0 0.7742273515444245 0.3706055270858931 0.048516536964980476 0.2334630350194554
0 0.6780763618677043 0.3628404669260701 0.05775778210116726 0.23151750972762644
0 0.5862414883268482 0.3200389105058366 0.05198200389105054 0.08754863813229569
0 0.3979511186770428 0.3297665369649806 0.02887889105058363 0.10700389105058371
0 0.31940053501945515 0.3628404669260699 0.08663667315175098 0.21984435797665366
