1 0.2890716803760282 0.9215474055290989 0.1081081081081081 0.15690518894180217
1 0.6321974148061105 0.7085162966169832 0.06815511163337248 0.10687117323272943
1 0.7532314923619269 0.7134640361184982 0.0564042303172739 0.09301750262848665
0 0.11609314202334632 0.6517509727626459 0.22525535019455256 0.19066147859922183
0 0.8727200875486381 0.6079766536964981 0.19753161478599224 0.3171206225680935
0 0.6757660505836576 0.4328793774319065 0.05313715953307394 0.16536964980544744
0 0.5798881322957198 0.4241245136186771 0.0323443579766537 0.050583657587548674
0 0.3529000486381324 0.4348249027237354 0.038120136186770494 0.0758754863813229
2 0.2362293287937743 0.35116731517509725 0.15594601167315175 0.12256809338521393
2 0.3557879377431907 0.2733463035019455 0.041585603112840486 0.06420233463035022
2 0.5562074416342412 0.29961089494163423 0.0334995136186771 0.03501945525291827
2 0.7664457684824901 0.16828793774319067 0.09818822957198435 0.1303501945525292
2 0.7283256322957198 0.29669260700389105 0.031189202334630295 0.02918287937743191
2 0.9915187256809338 0.2869649805447471 0.016962548638132374 0.06809338521400779
7 0.22929839494163423 0.44747081712062253 0.05891293774319063 0.1945525291828794
7 0.7701455007895228 0.23833085580456248 0.03696498054474715 0.09727626459143987
7 0.5556298638132295 0.3336575875486381 0.01617217898832685 0.01361867704280158
7 0.7237050097276264 0.3268482490272373 0.015017023346303518 0.02334630350194555
5 0.9778392509727627 0.4260700389105058 0.024258268482490308 0.05836575875486382
