1 0.5532623169107856 0.46982970074987745 0.0758988015978695 0.10988856962646303
1 0.4860186418109187 0.41264279206671817 0.05592543275632487 0.1121311934963908
2 0.5080154224306669 0.1570715021170069 0.09454061251664456 0.14801317541523581
7 0.5143603133159269 0.22536759653703453 0.04960835509138377 0.041775456919060046
2 0.23694516971279372 0.2539508039027072 0.03785900783289819 0.04617287343685586
2 0.097911227154047 0.26934176171499247 0.06005221932114882 0.07255737254363058
7 0.23498694516971277 0.29352755256286933 0.026109660574412493 0.04177545691906008
7 0.10574412532637076 0.3122165727635015 0.0287206266318538 0.017589666071183244
0 0.22323759791122716 0.3627868627181532 0.05221932114882506 0.15390957812285286
0 0.5372062663185367 0.48481517108698624 0.12140992167101829 0.5254912738765971
