0 0.7520833333333337 0.5038596491228069 0.08583333333333261 0.10385964912280742
1 0.9645833333333329 0.6042105263157898 0.0708333333333333 0.18385964912280744
1 0.815416666666666 0.7270175438596488 0.11249999999999907 0.09543859649122755
1 0.8512500000000003 0.7670175438596485 0.16083333333333313 0.10807017543859652
1 0.6666666666666667 0.6996491228070175 0.06333333333333342 0.08280701754385959
1 0.639583333333333 0.6175438596491231 0.06916666666666658 0.08421052631578946
1 0.5704166666666667 0.5831578947368421 0.0625 0.09403508771929822
3 0.44125 0.4421052631578947 0.05416666666666664 0.14596491228070177
3 0.7283333333333332 0.4470175438596486 0.0500000000000003 0.060350877192981586
3 0.2975 0.38456140350877194 0.03499999999999996 0.09824561403508766
2 0.30166666666666664 0.29964912280701755 0.11333333333333333 0.1221052631578948
2 0.4145833333333333 0.32140350877192975 0.18083333333333332 0.2105263157894733
2 0.7812819285278624 0.30764726368398043 0.14083333333333328 0.13473684210526363
2 0.9733333333333334 0.34175438596491226 0.05333333333333329 0.12210526315789476
3 0.9779166666666665 0.5024561403508772 0.044166666666666715 0.13192982456140348
