2 0.4426100628930818 0.3469049983449189 0.07075471698113205 0.07414763323402845
3 0.44025157232704404 0.43429328037073817 0.0440251572327044 0.05825885468387952
3 0.5125786163522013 0.5627275736511089 0.04088050314465413 0.045018205892088756
2 0.5094339622641509 0.5071168487255876 0.05031446540880502 0.06620324395895395
2 0.6194968553459119 0.4276729559748428 0.05031446540880502 0.06090698444223769
2 0.6462264150943396 0.5719960278053624 0.11320754716981128 0.13240648791790804
2 0.7775157232704403 0.5283018867924528 0.09905660377358487 0.09798080105925194
3 0.613993710691824 0.6713008937437934 0.03930817610062896 0.055610724925521285
3 0.7578616352201257 0.6196623634558094 0.012578616352201238 0.03707381661701426
5 0.47327044025157233 0.7759020191989408 0.06289308176100633 0.06885137371731219
5 0.5141509433962264 0.7494207216153592 0.03459119496855351 0.037073816617014185
5 0.5455974842767296 0.6924859318106588 0.04402515723270433 0.02912942734193962
5 0.5220125786163522 0.8447533929162528 0.04716981132075475 0.05825885468387952
4 0.41430817610062887 0.6103939093015558 0.0864779874213837 0.33101621979477
4 0.6839622641509436 0.7732538894405829 0.15723270440251572 0.2065541211519359
4 0.8522012578616353 0.7388282025819265 0.1415094339622641 0.2859980139026812
4 0.5125786163522013 0.6593843098311817 0.04088050314465413 0.13240648791790796
