5 0.3128621089223638 0.8987009818869305 0.08574739281575898 0.12294931999756059
5 0.4264194669756663 0.803073732999939 0.03476245654692931 0.10733670793437824
5 0.5596755504055619 0.8030737329999391 0.06720741599072994 0.1346587790449472
5 0.7363847045191193 0.9279746295053974 0.07068366164542297 0.1385619320607428
2 0.3400926998841252 0.28688174666097455 0.13325608342989573 0.16783557967920956
2 0.7079953650057936 0.15319875586997622 0.17381228273464658 0.20881868634506312
4 0.35784548944337813 0.6852207293666026 0.24844049904030713 0.6103646833013436
4 0.6854906429942418 0.6449136276391555 0.2313459692898273 0.7101727447216891
7 0.6769911799143362 0.3540464172972101 0.14701295585412633 0.12476007677543238
7 0.36069457773512476 0.34357005758157383 0.12649952015355087 0.09213051823416503
