5 0.5870833333333334 0.49754385964912273 0.0375 0.09122807017543856
5 0.46583333333333327 0.4343859649122807 0.03833333333333336 0.05754385964912281
5 0.4416666666666667 0.26035087719298244 0.051666666666666645 0.08842105263157894
5 0.14458333333333334 0.423859649122807 0.04583333333333332 0.05894736842105253
2 0.12958333333333333 0.15228070175438596 0.06583333333333333 0.08561403508771928
2 0.31 0.2007017543859649 0.06666666666666664 0.09543859649122799
2 0.55125 0.12210526315789473 0.07416666666666671 0.11228070175438595
7 0.5563310506326513 0.2067320137690224 0.06745721519944985 0.048240000871889
7 0.32791666666666663 0.2540350877192983 0.06916666666666668 0.04210526315789473
4 0.5570833333333334 0.38035087719298244 0.10083333333333336 0.35649122807017547
4 0.36333333333333334 0.448421052631579 0.12 0.3578947368421052
4 0.12541666666666665 0.36280701754385963 0.09416666666666668 0.2792982456140348
7 0.1275 0.19789473684210526 0.06166666666666667 0.04491228070175442
