1 0.31432054204660587 0.6403242147922998 0.10527482269503544 0.15400202634245183
1 0.47554141337386013 0.6616008105369806 0.07519630192502526 0.18642350557244178
1 0.590742147922999 0.6124620060790272 0.09504812563323206 0.19959473150962503
1 0.739630825734549 0.7867274569402228 0.14016590678824728 0.1914893617021275
4 0.2920624366767984 0.6945288753799391 0.21355749746707192 0.5967578520770008
4 0.7224860688956433 0.7117527862208712 0.21054964539007096 0.5724417426545085
2 0.31371897163120566 0.13069908814589665 0.17626013171225935 0.2370820668693009
2 0.7050405268490374 0.17882472137791283 0.19370567375886516 0.2462006079027355
7 0.31371897163120566 0.30952380952380953 0.12332193515704151 0.11651469098277609
7 0.6960169706180344 0.3723404255319149 0.11550151975683881 0.13272543059777106
