2 0.3899371069182389 0.3217477656405164 0.08490566037735853 0.12975835815954984
2 0.554245283018868 0.3164515061238001 0.07075471698113212 0.09268454154253561
2 0.9111635220125787 0.3032108573320093 0.10534591194968533 0.15094339622641523
1 0.4449685534591195 0.663356504468719 0.04088050314465413 0.055610724925521354
1 0.4638364779874214 0.6143661039390931 0.031446540880503165 0.06355511420059579
1 0.544811320754717 0.6607083747103608 0.04245283018867916 0.07679576299238654
1 0.5974842767295598 0.6011254551473023 0.03459119496855344 0.05825885468387945
1 0.8529874213836479 0.6858656074147633 0.042452830188679375 0.05825885468387952
1 0.9095911949685536 0.6832174776564051 0.036163522012578685 0.05296259516716319
7 0.4009433962264151 0.42634889109566365 0.03459119496855344 0.037073816617014185
7 0.5550314465408804 0.40383978814961935 0.03459119496855344 0.03442568685865602
7 0.9033018867924528 0.4210526315789474 0.05188679245283012 0.03177755710029793
4 0.4033018867924528 0.513737173121483 0.10849056603773591 0.22244289970208542
4 0.5581761006289309 0.5163853028798411 0.10691823899371064 0.22244289970208547
4 0.889937106918239 0.5269778219132737 0.1383647798742139 0.2701092353525321
