1 0.6883561643835617 0.4989185291997116 0.05936073059360737 0.08267243451093492
2 0.6626717041136476 0.12496966748242855 0.11301351013536239 0.1615001256130798
0 0.6158699875010221 0.39605494536462593 0.14497523259436157 0.3883652641057072
7 0.6987571126712246 0.1468071006283668 0.08776231751824812 0.06386861313868611
1 0.9236713047445255 0.36678832116788324 0.03792198905109487 0.06569343065693431
1 0.8523629959762034 0.3460726975591492 0.01702080748144013 0.04113037231213013
2 0.9115658046072995 0.1834207706884527 0.04218200114965612 0.07228974527586512
2 0.9729887185620605 0.14789930609840307 0.030341439423436846 0.03863718129781473
0 0.9220965041925561 0.3499426916812452 0.07342628340471748 0.24582252518549802
0 0.9704503981420041 0.31299390722084813 0.039399469143994566 0.2684442299571695
7 0.9086646317577507 0.23758860595177533 0.030444923364847835 0.027145664422839964
7 0.9735117958540885 0.1779198464422462 0.029254105839416126 0.031021897810218954
