2 0.492468134414832 0.228334451424041 0.055619930475087 0.07415990730011586
2 0.6729546545105566 0.29558541266794625 0.05584213051823411 0.11900191938579653
7 0.49232245681381953 0.2763915547024952 0.04558541266794627 0.046065259117082535
7 0.6574791725969463 0.3420084681319574 0.04102687140115163 0.04222648752399248
4 0.4940319097888676 0.42802303262955865 0.08091410748560451 0.28023032629558536
4 0.6626979366602689 0.527831094049904 0.07407629558541266 0.3531669865642995
2 0.29915427063339733 0.28790786948176583 0.044445777351247565 0.03838771593090204
7 0.296875 0.30998080614203455 0.03304942418426102 0.017274472168905996
5 0.2683841170825336 0.3848368522072937 0.02393234165067177 0.03262955854126673
5 0.3088411708253359 0.3973128598848369 0.01595489443378117 0.02687140115163153
5 0.44160868522072944 0.5489443378119002 0.03077015355086367 0.06909788867562383
5 0.5515834932821497 0.5316698656429942 0.03190978886756234 0.06909788867562383
5 0.6114143474088292 0.5873320537428023 0.028490882917466535 0.06525911708253368
2 0.6343995278582949 0.3228570296280371 0.02894824917202378 0.05200527570553035
4 0.2997240882917466 0.3896353166986565 0.041026871401151584 0.13051823416506722
