2 0.1809635722679201 0.18405590945636718 0.0611045828437133 0.079163832024244
2 0.6208961575875486 0.2850194552529182 0.06815418287937745 0.07976653696498051
2 0.8900474221789884 0.2918287937743191 0.02887889105058363 0.038910505836575876
2 0.2783925097276264 0.3035019455252918 0.0716196498054475 0.08560311284046687
2 0.39621838521400776 0.32976653696498054 0.034654669260700356 0.056420233463035034
2 0.5625607976653696 0.30933852140077817 0.03927529182879375 0.05447470817120617
5 0.90102140077821 0.42217898832684825 0.0207928015564201 0.0350194552529183
5 0.8403757295719845 0.28501945525291833 0.024258268482490308 0.02918287937743191
4 0.17731639105058364 0.3638132295719844 0.07970573929961089 0.2568093385214008
0 0.29689240844910136 0.49411996833848115 0.09934338521400765 0.380451059498739
0 0.7745318579766536 0.5321011673151751 0.09818822957198435 0.17704280155642024
0 0.9027541342412451 0.39883268482490275 0.049671692607003874 0.11673151750972764
7 0.6226288910505836 0.33949416342412453 0.04158560311284056 0.06809338521400779
7 0.5585177529182879 0.3404669260700389 0.017327334630350178 0.023346303501945585
7 0.40141658560311283 0.36186770428015563 0.017327334630350178 0.023346303501945585
7 0.18366974708171205 0.23054474708171205 0.055447470817120606 0.021400778210116725
7 0.8929353112840467 0.32003891050583655 0.034654669260700356 0.017509727626459116
7 0.2870561770428015 0.3570038910505836 0.03812013618677039 0.021400778210116798
