7 0.568845705725699 0.18442077230359522 0.06720206391478037 0.07856191744340879
3 0.18737516644474028 0.6311584553928096 0.11384820239680414 0.12782956058588546
7 0.6111434753661784 0.48202396804260983 0.07115512649800258 0.14114513981358187
2 0.18105026631158438 0.39147802929427433 0.16919107856191729 0.25033288948069266
2 0.6830892143808255 0.36484687083888107 0.19132822902796245 0.3249001331557919
6 0.5767518308921431 0.06990679094540612 0.08775798934753709 0.12383488681757654
4 0.6498834886817579 0.8075898801597865 0.164447403462051 0.38482023968042556
4 0.24825233022636486 0.8322237017310262 0.2371837549933423 0.33022636484687096
1 0.39332972703062585 0.9500665778961382 0.06562083888149131 0.09986684420772257
7 0.8910203062583222 0.23435419440745672 0.02371837549933417 0.03994673768308921
5 0.4692285286284953 0.8655126498002663 0.0672020639147803 0.1358189081225035
5 0.5052013981358189 0.933422103861518 0.08222370173102533 0.12516644474034608
4 0.5364305925432756 0.3881491344873502 0.10357023968042611 0.34487350199733685
5 0.45341627829560593 0.6391478029294272 0.04506491344873521 0.10119840213049262
