1 0.4241898148148148 0.40058479532163743 0.03125 0.06822612085769983
1 0.4346064814814815 0.4863547758284601 0.04513888888888893 0.07212475633528265
1 0.7581018518518519 0.47368421052631576 0.05787037037037052 0.08966861598440545
5 0.5520833333333333 0.43079922027290446 0.0370370370370371 0.054580896686159834
5 0.5555555555555556 0.37524366471734893 0.023148148148148095 0.056530214424951236
0 0.2777777777777778 0.4249512670565302 0.1041666666666666 0.12475633528265107
0 0.8553240740740741 0.45126705653021437 0.11574074074074076 0.3528265107212475
0 0.7841435185185185 0.3898635477582846 0.02893518518518519 0.19883040935672514
2 0.3560864618885097 0.26249925154182385 0.07508532423208195 0.1072989641338842
2 0.3879408418657565 0.17627686964852404 0.04095563139931741 0.061313693790790984
2 0.7986348122866894 0.07185198491108316 0.11149032992036396 0.1092150170648464
2 0.626848691695108 0.21172384887132506 0.05005688282138799 0.0632297467217532
7 0.4010238907849829 0.21843003412969286 0.023890784982935145 0.02682474103347104
7 0.6149032992036405 0.25196096042153165 0.023890784982935075 0.02874079396443328
7 0.8430687911108738 0.12824690878749082 0.033656558718313426 0.13467451009858672
0 0.6803185437997725 0.3889587449853302 0.07281001137656432 0.11113106999580864
0 0.3947667804323094 0.3324351835219448 0.03868031854379979 0.0900544877552242
5 0.4146757679180887 0.3611759774863781 0.01934015927189982 0.032572899826357686
