5 0.49958333333333327 0.5235087719298246 0.05416666666666664 0.08421052631578946
5 0.255 0.7733333333333333 0.05999999999999996 0.13754385964912275
5 0.0275 0.9122807017543859 0.055 0.14035087719298248
2 0.1241666666666666 0.11368421052631578 0.1399999999999999 0.16842105263157894
7 0.16375412319350985 0.15198295468712375 0.11668189415527888 0.08140350877193034
7 0.5470833333333333 0.29473684210526313 0.08249999999999993 0.05614035087719297
2 0.5895328238079016 0.18935250413687016 0.10052530259116438 0.0951843932445749
4 0.12333333333333334 0.6270175438596491 0.16 0.7459649122807018
4 0.5395833333333333 0.6266666666666667 0.12416666666666672 0.5768421052631578
2 0.21499999999999997 0.23228070175438592 0.036666666666666646 0.043508771929824525
