5 0.6679166666666667 0.4140350877192982 0.0525 0.06736842105263158
5 0.6837499999999999 0.46526315789473693 0.04416666666666663 0.07719298245614037
2 0.6008333333333337 0.29614035087719315 0.07 0.12631578947368424
2 0.675 0.22736842105263158 0.048333333333333284 0.04491228070175438
2 0.14833333333333326 0.1263157894736842 0.13166666666666665 0.16842105263157892
7 0.14943299636207666 0.26163440029580626 0.053093825150601376 0.15904998696289643
5 0.2125 0.8856140350877193 0.09166666666666672 0.12350877192982437
4 0.5904166666666666 0.5403508771929825 0.0875 0.36771929824561417
4 0.135 0.655438596491228 0.14500000000000002 0.6891228070175438
2 0.2195833333333331 0.2498245614035088 0.03416666666666662 0.036491228070175574
3 0.2206787060994224 0.2891630071714159 0.027601686662409187 0.019642416008830887
7 0.6253672296558843 0.3114774960949399 0.05000000000000002 0.040790050487649096
