5 0.6670833333333335 0.4421052631578947 0.03916666666666671 0.04771929824561411
5 0.6045833333333333 0.40631578947368424 0.029166666666666643 0.04350877192982459
5 0.14125 0.8568421052631578 0.06583333333333334 0.12491228070175438
2 0.08874999999999998 0.08842105263157896 0.1475 0.1768421052631579
2 0.5391666666666667 0.256140350877193 0.07000000000000008 0.09684210526315788
2 0.19083333333333335 0.2007017543859649 0.031666666666666676 0.04771929824561404
3 0.19208333333333336 0.24 0.0325 0.02807017543859647
7 0.5466666666666667 0.3073684210526316 0.03500000000000007 0.0785964912280702
2 0.6216666666666667 0.2070175438596491 0.04 0.05473684210526315
4 0.5295833333333333 0.4898245614035088 0.09083333333333321 0.36771929824561395
4 0.08833333333333333 0.5649122807017544 0.1366666666666667 0.7228070175438597
5 0.5879166666666666 0.2912280701754386 0.0225 0.05192982456140349
7 0.09913484885992016 0.21311966467400795 0.04333333333333323 0.16421052631578997
