1 0.721064814814815 0.7212475633528266 0.13425925925925924 0.23391812865497072
1 0.6012731481481481 0.5526315789473685 0.13310185185185183 0.12280701754385973
2 0.3836805555555555 0.09259259259259256 0.21643518518518523 0.1734892787524366
2 0.5926044437343209 0.15555844905516297 0.07345947206068049 0.22875125536881766
2 0.6064814814814814 0.101364522417154 0.004629629629629619 0.0350877192982456
7 0.5694444444444443 0.2758284600389863 0.06944444444444414 0.09551656920077986
0 0.3805951202995345 0.5321841981749776 0.2387752564479428 0.7291960596398371
0 0.4243458475540387 0.799952098676726 0.14562002275312855 0.17819292257948635
0 0.5688282138794084 0.39758098317466023 0.04095563139931734 0.14370396982216632
3 0.39761092150170635 0.27112148973115363 0.12172923777019323 0.2088497694748814
