5 0.47450753186558514 0.4917972799902421 0.03360370799536497 0.07415990730011586
5 0.5451911935110081 0.466426785387571 0.04055619930475082 0.07025675428432031
5 0.6181923522595597 0.5718119168140514 0.035921205098493655 0.07025675428432031
2 0.5417149478563151 0.21369762761480757 0.05446118192352258 0.06830517777642248
2 0.6695357485604607 0.29462571976967356 0.06040067178502873 0.10556621880998084
7 0.6531869230268766 0.3511916752154203 0.049004318618042095 0.040307101727447364
7 0.5464551343570058 0.2696737044145873 0.04444577735124767 0.04414587332053742
4 0.5316398752399233 0.43282149712092133 0.08091410748560462 0.2821497120921305
4 0.6569997600767755 0.5220729366602688 0.07863483685220729 0.34548944337811904
4 0.34184560864088587 0.3751641567088443 0.030770153550863738 0.13051823416506722
2 0.6222408829174665 0.2946257197696737 0.03418905950095976 0.05566218809980803
