5 0.6770833333333335 0.4147368421052631 0.03416666666666671 0.07438596491228068
5 0.15541666666666665 0.8435087719298245 0.06583333333333333 0.12912280701754383
2 0.5399999999999996 0.23719298245613998 0.06500000000000025 0.09824561403508766
7 0.5407665125303691 0.2867800512359814 0.023459994699111066 0.07871908938136196
4 0.5329166666666667 0.496140350877193 0.07416666666666671 0.4056140350877193
4 0.06958333333333334 0.600701754385965 0.1391666666666667 0.6512280701754389
2 0.08458333333333336 0.09403508771929832 0.13750000000000004 0.15719298245614047
2 0.5854166666666667 0.19929824561403506 0.0325 0.0392982456140351
7 0.1354004065040648 0.13544201968335431 0.11249999999999977 0.06211039794608482
4 0.2583885462831196 0.3099925279775328 0.033333333333333305 0.19508771929824595
