1 0.5064821985297149 0.5911845172700458 0.07199999999999988 0.09207017543859669
1 0.5314685314685315 0.5687645687645687 0.05259324009324004 0.09324009324009332
2 0.40983745677744055 0.23078888463079203 0.13009906759906753 0.12820512820512842
2 0.5594856171470346 0.20958620867544905 0.07441731271688587 0.06395533425968954
1 0.591673951048951 0.36013986013986027 0.03183275058275058 0.034965034965035
1 0.5979020979020979 0.34265734265734266 0.027680652680652718 0.04195804195804197
0 0.39929341491841447 0.504662004662005 0.15085955710955665 0.4778554778554783
0 0.5460008741258737 0.3543123543123546 0.062281468531468424 0.22377622377622383
7 0.4536964324771936 0.233968724946459 0.10146856508454993 0.07628886261388816
7 0.574170595100855 0.18834538309972446 0.035725654089835655 0.037296037296037754
