7 0.6895833333333334 0.3635087719298245 0.09583333333333328 0.07298245614035088
7 0.29367274904818447 0.2647548502008871 0.04249999999999963 0.15859649122807123
2 0.3141666666666667 0.12561403508771932 0.12833333333333335 0.1473684210526316
2 0.7166666666666667 0.3024561403508772 0.08833333333333343 0.1922807017543859
5 0.6516666666666667 0.6343859649122807 0.04500000000000007 0.10947368421052645
5 0.45833333333333337 0.6210526315789474 0.085 0.12491228070175431
5 0.4379166666666666 0.7550877192982455 0.050833333333333286 0.15438596491228068
4 0.32291666666666674 0.6403508771929824 0.17583333333333337 0.7192982456140351
4 0.67125 0.6964912280701755 0.13916666666666658 0.6070175438596491
2 0.4866666666666667 0.25263157894736843 0.03166666666666664 0.04491228070175442
