2 0.2429245283018868 0.32836809003641176 0.08333333333333329 0.07414763323402848
2 0.35298742138364786 0.4952002648129758 0.05817610062893089 0.05296259516716326
2 0.4740566037735844 0.43032108573320094 0.04245283018867919 0.07149950347567008
2 0.6430817610062892 0.5177093677590201 0.09119496855345907 0.11386957960940088
2 0.48899371069182396 0.5772922873220788 0.09748427672955977 0.1482952664680569
3 0.23977987421383645 0.4104601125455147 0.03930817610062899 0.052962595167163104
3 0.35927672955974843 0.5680238331678252 0.036163522012578685 0.05031446540880502
3 0.45990566037735847 0.6779212181396888 0.03616352201257861 0.04766633565044685
3 0.6116352201257863 0.6050976497848394 0.025157232704402767 0.03972194637537243
3 0.4716981132075472 0.48725587553790134 0.031446540880503165 0.02118503806686526
5 0.2641509433962264 0.6752730883813308 0.0440251572327044 0.07414763323402852
5 0.3128930817610063 0.6686527639854353 0.03459119496855347 0.03972194637537243
5 0.38522012578616355 0.7348560079443893 0.037735849056603786 0.03972194637537243
5 0.41666666666666674 0.7242634889109567 0.02830188679245282 0.03972194637537243
5 0.39072327044025157 0.8407811982787156 0.026729559748427646 0.034425686858656095
4 0.21540880503144652 0.6183382985766303 0.11635220125786161 0.36279377689506787
4 0.35141509433962265 0.6686527639854353 0.06761006289308182 0.1615359152598476
4 0.5227987421383647 0.7811982787156571 0.16823899371069173 0.1906653426017874
4 0.6831761006289309 0.7335319430652102 0.14308176100628933 0.2595167163190996
