2 0.5212264150943396 0.43694141012909626 0.1336477987421384 0.21185038066865278
2 0.9190251572327044 0.3680900364117842 0.11477987421383633 0.16948030453492222
2 0.0330188679245283 0.3747103608076796 0.0660377358490566 0.19331347236014568
1 0.15644654088050314 0.8076795762992387 0.055031446540880505 0.10592519033432637
1 0.2861635220125786 0.6342270771267793 0.04088050314465406 0.09798080105925194
1 0.4827044025157232 0.6964581264481958 0.044025157232704476 0.10062893081761004
1 0.5558176100628931 0.7666335650446873 0.0424528301886793 0.10857332009268447
1 0.7680817610062892 0.6885137371731215 0.05188679245283026 0.0953326713008937
1 0.8325471698113208 0.6924859318106588 0.03930817610062889 0.0873882820258193
7 0.8655660377358491 0.48725587553790134 0.03930817610062889 0.026481297583581594
7 0.02515723270440252 0.5190334326381992 0.031446540880503145 0.04766633565044685
4 0.15251572327044027 0.5547831843760338 0.17295597484276728 0.1721284342932802
4 0.5448113207547169 0.582588546838795 0.09276729559748426 0.06355511420059579
4 0.8262578616352204 0.5441906653426019 0.12735849056603754 0.1562396557431314
