2 0.6837189851275395 0.13078781674050405 0.11819235225955976 0.1717387326950046
2 0.33371958285052145 0.2927364761846679 0.12746234067207415 0.18735134475818746
5 0.29953650057937425 0.8372263218881503 0.09617612977983782 0.1834481917423919
5 0.46292004634994205 0.5708361285601025 0.05909617612977982 0.11514301396596935
5 0.5567786790266512 0.8001463682380924 0.05214368482039397 0.13661035555284498
5 0.7439165701042875 0.9287674574617307 0.09038238702201624 0.14246508507653843
7 0.6905835553632674 0.24410701075430388 0.13520758704922836 0.1235910835656949
7 0.36240403071017285 0.3474088291746641 0.12080134357005769 0.10364683301343575
4 0.6877699136276392 0.6372360844529742 0.3111204414587328 0.7255278310940492
4 0.33277351247600767 0.6842610364683301 0.35556621880998085 0.6314779270633397
