2 0.36985341630848967 0.27265216360394723 0.09698670237813153 0.09474069453358534
7 0.36985341630848967 0.36412593763637446 0.07038463544012977 0.09194047696116414
2 0.6952345019144603 0.10407475310832283 0.104191428840507 0.11667573218421841
5 0.283643941502255 0.3731169702697972 0.06317990897775427 0.14281109619348345
5 0.46681025656495484 0.8064506396019843 0.06317990897775431 0.10314134725084913
5 0.5527127643855857 0.8195183216066166 0.04322835877425298 0.121809464400324
5 0.7455777496860986 0.9283611004388901 0.06151727979412911 0.12927671126011403
7 0.6903366723456746 0.25345775285488387 0.08174593486156795 0.1157423263267447
4 0.3589380825565911 0.6677762982689746 0.15337882822902793 0.4806924101198401
4 0.6787408455392807 0.5792276964047934 0.16207556591211714 0.521970705725699
