5 0.6191666666666668 0.4287719298245614 0.05666666666666678 0.09964912280701753
7 0.55875 0.34315789473684205 0.0375 0.05192982456140349
2 0.5445833333333334 0.28982456140350876 0.07916666666666679 0.10245614035087719
2 0.6254166666666667 0.2435087719298246 0.04083333333333343 0.04350877192982455
2 0.12249999999999997 0.1305263157894737 0.13666666666666663 0.16561403508771932
5 0.18666666666666665 0.9003508771929825 0.07999999999999999 0.12491228070175453
5 0.2833333333333334 0.35859649122807014 0.02666666666666668 0.04350877192982459
4 0.2579604209011835 0.288213623730989 0.021381588259612803 0.034570652175542414
2 0.25432555089704817 0.25868452499771255 0.03207238238941885 0.03601109601618941
4 0.13875 0.6249122807017544 0.15916666666666665 0.7501754385964913
4 0.5475 0.5431578947368421 0.08333333333333329 0.37052631578947365
7 0.19176803436942993 0.18629044034662592 0.1299999999999997 0.09569083744830793
2 0.01875 0.29684210526315785 0.03583333333333333 0.04350877192982455
