1 0.4520801671732522 0.622593718338399 0.09324341438703143 0.17730496453900713
1 0.3055977710233029 0.35866261398176286 0.12392350557244178 0.1641337386018237
7 0.34620377406281655 0.23910840932117522 0.10527482269503548 0.13373860182370817
7 0.7411347517730497 0.3885511651469098 0.13595491388044578 0.1367781155015198
4 0.721282928064843 0.6225937183383992 0.2057370820668693 0.4407294832826748
2 0.7474512411347517 0.19503546099290778 0.18468211752786204 0.24417426545086116
2 0.35131712259371833 0.12613981762917933 0.16723657548125628 0.24822695035460993
4 0.30861149781139185 0.7389975937183383 0.17206088822663376 0.5215615501519757
1 0.5826209473150962 0.8424518743667678 0.0788057244174265 0.18135764944275592
1 0.727298632218845 0.8946301925025328 0.14558004052684892 0.20668693009118527
