5 0.5279166666666667 0.6042105263157894 0.06250000000000007 0.10245614035087719
5 0.31291666666666673 0.7922807017543857 0.0425 0.11929824561403525
5 0.08291666666666667 0.8294736842105263 0.06416666666666666 0.12912280701754397
2 0.20583333333333337 0.10596491228070175 0.1416666666666667 0.1389473684210526
2 0.5629166666666666 0.2631578947368421 0.11916666666666664 0.13894736842105262
4 0.58125 0.6985964912280701 0.10916666666666672 0.6028070175438597
4 0.18625 0.6112280701754387 0.15583333333333332 0.6807017543859649
2 0.36708333333333326 0.22666666666666668 0.034166666666666644 0.04350877192982459
7 0.6246283822543472 0.37153679917043975 0.04071234348821317 0.1565312072654725
7 0.2165549952380257 0.19456364272002616 0.10666666666666642 0.09122807017543876
