2 0.2594339622641509 0.32307183051969524 0.07861635220125793 0.09003641178417748
2 0.3773584905660377 0.5031446540880503 0.0566037735849057 0.05825885468387945
2 0.4913522012578616 0.43561734524991746 0.05503144654088038 0.07149950347567006
2 0.5117924528301886 0.582588546838795 0.10220125786163528 0.14829526646805696
2 0.6446540880503144 0.5256537570340947 0.09748427672955977 0.12446209864283354
3 0.2602201257861636 0.4170804369414101 0.04559748427672958 0.06090698444223769
3 0.380503144654088 0.5600794438927508 0.031446540880503165 0.05031446540880502
3 0.48742138364779874 0.4899040052962596 0.02830188679245289 0.026481297583581594
3 0.6242138364779874 0.5984773253889442 0.02830188679245282 0.05296259516716319
3 0.4772012578616352 0.6779212181396889 0.026729559748427646 0.04237007613373052
5 0.2806603773584906 0.680569347898047 0.051886792452830156 0.063555114200596
5 0.33647798742138363 0.6540880503144655 0.037735849056603744 0.05296259516716319
5 0.4056603773584906 0.7163190996358821 0.0440251572327044 0.05031446540880495
5 0.4088050314465409 0.8381330685203575 0.02830188679245282 0.03972194637537228
4 0.23977987421383645 0.6064217146640185 0.13050314465408808 0.37603442568685863
4 0.5283018867924528 0.7825223435948362 0.169811320754717 0.20390599139357818
4 0.6973270440251572 0.7414763323402846 0.13679245283018873 0.2754054948692486
4 0.3726415094339623 0.6580602449520027 0.07232704402515729 0.16683217477656392
