1 0.4346064814814815 0.8206627680311891 0.07523148148148145 0.17153996101364527
1 0.5271990740740741 0.7144249512670565 0.0636574074074074 0.138401559454191
1 0.5717592592592594 0.6793372319688108 0.08333333333333316 0.11111111111111105
1 0.614334470989761 0.5661936410993355 0.034129692832764465 0.08622238189329977
0 0.3230944254835039 0.6322076522363926 0.2343572241183162 0.7355846955272132
0 0.5665529010238908 0.5508652176516377 0.07053469852104662 0.2778276749895216
0 0.4726962457337883 0.6169690437698336 0.06257110352673498 0.49817376205017605
3 0.4300341296928326 0.3554278186934912 0.05688282138794085 0.23950661637027712
2 0.5143692514782566 0.1305124749172056 0.191294922888348 0.13732747460124745
2 0.5488016402564889 0.12430676122332902 0.13710173593377825 0.09005871626742042
2 0.5949943117178612 0.24908688102508833 0.10238907849829346 0.07664211723848872
7 0.5836177474402731 0.3420154481767559 0.06370875995449382 0.0632297467217532
