0 0.26129743675099865 0.35952063914780297 0.0814330892143808 0.19973368841544606
0 0.6202355193075896 0.788282290279627 0.1083139147802929 0.4234354194407459
0 0.4285119840213049 0.11784287616511317 0.02846205059920102 0.11318242343541945
1 0.2830392809587217 0.5079893475366178 0.07748002663115848 0.08921438082556592
1 0.3368009320905459 0.4527296937416777 0.06799267643142479 0.1358189081225033
1 0.5293150798934749 0.7217043941411448 0.08459553928095864 0.12516644474034597
1 0.5431507989347537 0.614513981358189 0.052180426098535335 0.1398135818908122
7 0.2537866178428762 0.2270306258322237 0.045855525965379514 0.041278295605858835
2 0.24904294274300934 0.14247669773635155 0.09171105193075901 0.11717709720372838
7 0.4281166777629826 0.03195739014647137 0.03083388814913441 0.045272969374167776
7 0.6921812583222371 0.12516644474034622 0.04506491344873496 0.03728362183754994
2 0.6969249334221038 0.05193075898801599 0.07668941411451399 0.09320905459387484
0 0.7198526964047935 0.4427430093209055 0.05297103861517948 0.19840213049267647
2 0.6467210386151797 0.44540612516644473 0.09803595206391477 0.1344873501997337
7 0.6435585885486019 0.5326231691078561 0.07589880159786958 0.06924101198402134
