2 0.5668238993710691 0.38397881496193315 0.14308176100628928 0.22773915921880172
2 0.9088050314465409 0.38397881496193315 0.1320754716981132 0.16948030453492222
2 0.02751572327044023 0.3680900364117841 0.05503144654088046 0.1535915259847732
1 0.21855345911949683 0.8023833167825218 0.04716981132075471 0.1112214498510427
1 0.11477987421383648 0.8209202250910295 0.05031446540880504 0.14299900695134085
1 0.509433962264151 0.7070506454816285 0.04088050314465413 0.09003641178417751
1 0.5628930817610063 0.6924859318106588 0.03459119496855344 0.07149950347567043
1 0.7853773584905661 0.6170142336974512 0.039308176100629026 0.05296259516716319
1 0.8364779874213837 0.6858656074147633 0.0408805031446542 0.08474015226746104
7 0.9001572327044025 0.5004965243296922 0.03930817610062889 0.01588877855014893
4 0.8270440251572327 0.5256537570340947 0.14779874213836477 0.1562396557431314
4 0.11477987421383648 0.5852366765971532 0.18867924528301888 0.12181396888447538
4 0.546383647798742 0.5388944058258854 0.139937106918239 0.14564713670969873
