5 0.48385486018641793 0.8442077230359526 0.052180426098535265 0.10652463382157124
5 0.5158746671105195 0.2942743009320903 0.057714713715046925 0.12516644474034644
4 0.3617052263648468 0.81491344873502 0.13677596537949394 0.37017310252996005
7 0.35498501997336873 0.5772303595206388 0.10277962716378174 0.08122503328894796
6 0.363681757656458 0.3834886817576564 0.22295272969374172 0.2556591211717709
4 0.5965171438082557 0.3688415446071904 0.09882656458055919 0.4314247669773635
2 0.4652754660452729 0.03395472703062583 0.05138981358189085 0.06258322237017311
2 0.589006324900133 0.03195739014647137 0.09012982689747012 0.06125166444740346
4 0.4965046604527296 0.22170439414114512 0.08854860186418108 0.2436750998668442
3 0.5514522303595206 0.08322237017310254 0.026090213049267702 0.057256990679094545
