2 0.4268867924528302 0.3442568685865608 0.07389937106918239 0.08474015226746111
2 0.5966981132075472 0.43032108573320094 0.04245283018867923 0.055610724925521285
2 0.48899371069182396 0.5057927838464085 0.05660377358490571 0.05296259516716326
2 0.6147798742138364 0.579940417080437 0.10377358490566031 0.14299900695134063
2 0.7531446540880503 0.5283018867924528 0.10377358490566052 0.11916583912611721
3 0.41509433962264153 0.4422376696458127 0.0440251572327044 0.05296259516716319
3 0.4866352201257862 0.5600794438927508 0.036163522012578685 0.045018205892088686
3 0.589622641509434 0.4832836809003641 0.025157232704402545 0.034425686858656095
3 0.585691823899371 0.6779212181396889 0.0235849056603773 0.04237007613373052
4 0.8215408805031443 0.7414763323402843 0.14308176100628917 0.2595167163190996
4 0.6525157232704403 0.7878186031115524 0.14465408805031443 0.20390599139357832
5 0.43474842767295596 0.7851704733531943 0.05817610062893081 0.06090698444223761
5 0.47641509433962265 0.7573651108904336 0.0440251572327044 0.04766633565044685
5 0.5125786163522013 0.7057265806024495 0.03459119496855351 0.034425686858656095
5 0.554245283018868 0.7083747103608076 0.02672955974842772 0.055610724925521285
5 0.5117924528301887 0.8381330685203575 0.036163522012578685 0.0662032439589538
4 0.3891509433962264 0.6143661039390931 0.10220125786163521 0.3177755710029792
4 0.48742138364779874 0.6408474015226746 0.05345911949685544 0.12711022840119163
