7 0.6526497695852533 0.3007518796992481 0.0380184331797235 0.02716468590831919
7 0.6065668202764977 0.39291777831675967 0.017281105990783346 0.017463012369633758
2 0.6045145515267175 0.36641221374045796 0.0328602099236641 0.0305343511450382
2 0.6549379770992365 0.24522900763358776 0.0657204198473282 0.07824427480916032
0 0.7104604007633586 0.5114503816793893 0.10651240458015267 0.3473282442748091
0 0.6067807729007633 0.4208015267175573 0.037392652671755684 0.055343511450381654
1 0.6203781011450381 0.44847328244274803 0.030593988549618274 0.045801526717557196
1 0.6453065362595418 0.4456106870229008 0.023795324427480863 0.04007633587786259
2 0.9946028148854961 0.3291984732824427 0.010794370229007769 0.04389312977099238
0 0.9838382633587787 0.5219465648854961 0.03232347328244282 0.14694656488549612
