2 0.4119496855345912 0.3469049983449189 0.08490566037735853 0.0953326713008937
2 0.47484276729559755 0.497848394571334 0.04088050314465413 0.06355511420059586
2 0.5833333333333333 0.4289970208540218 0.04088050314465413 0.07944389275074477
2 0.7523584905660379 0.5322740814299901 0.11163522012578625 0.1112214498510427
2 0.6053459119496856 0.5759682224428997 0.11635220125786169 0.15094339622641506
4 0.3663522012578615 0.6090698444223764 0.12578616352201272 0.3230718305196955
5 0.4410377358490566 0.766633565044687 0.05503144654088046 0.06620324395895395
5 0.47562893081761004 0.74809665673618 0.03301886792452827 0.08209202250910294
5 0.5534591194968554 0.6858656074147633 0.03459119496855344 0.052962595167163194
5 0.5125786163522013 0.7149950347567031 0.04716981132075475 0.031777557100298
3 0.47641509433962265 0.5600794438927508 0.04088050314465406 0.045018205892088686
3 0.4048742138364777 0.432969215491559 0.045597484276729876 0.03972194637537251
3 0.5809748427672956 0.48725587553790134 0.036163522012578685 0.02118503806686526
4 0.8089622641509433 0.7441244620986428 0.1525157232704403 0.25951671631909967
4 0.630503144654088 0.781198278715657 0.182389937106918 0.1906653426017872
4 0.4913522012578618 0.6329030122475999 0.05503144654088076 0.11651770936775893
