2 0.5534591194968552 0.28334988414432305 0.17924528301886794 0.2701092353525323
7 0.929245283018868 0.2224428997020854 0.1415094339622641 0.2912942734193975
7 0.9198113207547169 0.4303210857332009 0.06289308176100633 0.05031446540880502
7 0.5408805031446541 0.48063555114200596 0.05031446540880502 0.023833167825223427
1 0.4221698113207546 0.9263488910956639 0.06446540880503171 0.13141343925852367
1 0.5471698113207547 0.9228732207878185 0.09748427672955977 0.11916583912611714
1 0.7358490566037736 0.8142999006951339 0.07547169811320771 0.15094339622641498
1 0.8718553459119497 0.9298245614035088 0.07075471698113205 0.14035087719298248
4 0.5110062893081762 0.6117179741807348 0.23899371069182393 0.3283680900364117
4 0.8191823899371069 0.5455147302217808 0.15408805031446535 0.42899702085402175
