5 0.52625 0.3410526315789474 0.0225 0.030877192982456093
5 0.6716666666666665 0.6491228070175439 0.03333333333333361 0.07157894736842112
5 0.24875 0.8912280701754386 0.08583333333333332 0.14877192982456136
5 0.43625 0.7950877192982455 0.059166666666666645 0.15298245614035083
2 0.3087499999999999 0.13122807017543858 0.12749999999999997 0.15859649122807015
2 0.7133333333333334 0.30315789473684174 0.09500000000000078 0.17684210526315758
7 0.6968743679129671 0.37420163954789365 0.09578781464582549 0.053333333333333434
7 0.33761113429849393 0.1914480260916122 0.09166666666666654 0.06365359313897921
4 0.3025 0.6410526315789474 0.1766666666666666 0.7178947368421053
4 0.6820833333333333 0.7056140350877194 0.1175 0.5887719298245614
