1 0.3224885844748859 0.6017784186493631 0.11301369863013694 0.13073780341264127
1 0.5804794783001248 0.49411199230954095 0.09246575342465753 0.12689257390050465
0 0.3693945844679981 0.4399339155062545 0.20291479820627803 0.5739910313901345
2 0.39125411260444837 0.08874203445834311 0.1591933191245451 0.1774840689166862
7 0.41142525882310965 0.11783896893422476 0.10376991578456081 0.09409764382198393
0 0.9020015967153284 0.3430656934306569 0.050923813868613055 0.25182481751824815
7 0.8982091538466043 0.21715268488165326 0.045506386861313926 0.02919708029197082
2 0.9063356033781315 0.16332135243394386 0.050923813868613055 0.06751824817518244
2 0.96376026459854 0.1332116788321168 0.03575501824817508 0.05474452554744525
0 0.9626767791970802 0.2892335766423358 0.050923813868613194 0.22445255474452555
