2 0.6096652455649805 0.5565462749311852 0.03066039071189749 0.04620291564341351
2 0.6863162223447241 0.601390281290969 0.024205571614656095 0.03804945994163461
2 0.7569158062208041 0.5341242717512934 0.02823983355043211 0.03669055065800478
2 0.8404250282913671 0.6170177380527118 0.035501505034828684 0.033972732090745195
4 0.5975624597576523 0.6584644712034209 0.048411143229311906 0.1277374726612019
4 0.6790545508603274 0.686322111517832 0.043570028906380856 0.10191819627223558
4 0.8444592902271433 0.6870015661596469 0.04518373368069106 0.06522764561423088
3 0.8339702091941257 0.644195923725308 0.027432981163276936 0.014948002119927892
2 0.9810989437750431 0.5971440038840492 0.03689121817401201 0.044489994107190685
3 0.9810989437750431 0.6450858078788667 0.025049592587292013 0.032983961148434486
5 0.9369205713938189 0.8042525971416612 0.01776243838008 0.05216068274636157
5 0.987475203706354 0.8406883681777225 0.025049592587292013 0.051393613882444386
4 0.9688018710503724 0.73099752063758 0.06239625789925512 0.1741246321091775
