1 0.6244212962962963 0.6968810916179337 0.07523148148148152 0.13840155945419114
1 0.4641203703703704 0.6432748538011696 0.04861111111111114 0.11695906432748529
2 0.6019616139131044 0.28685597147775027 0.0625000000000002 0.18024070120224706
2 0.13767302858870908 0.3955185608854338 0.11067995928382011 0.11251412126766654
0 0.17519908987485777 0.5853541704089574 0.12741751990898756 0.3084845218849169
1 0.1496018202502844 0.7079815579905394 0.060295790671217306 0.08239027603137529
1 0.22753128555176338 0.6706185258367762 0.08191126279863487 0.022992635171546708
0 0.6194539249146758 0.528830608945572 0.15813424345847565 0.4023711155020657
7 0.1820250284414107 0.43590204179390457 0.09556313993174058 0.06706185258367768
7 0.5995449374288966 0.33339320998742594 0.06825938566552907 0.07664211723848875
