5 0.17 0.8912280701754386 0.07833333333333335 0.13473684210526315
2 0.10124999999999997 0.11368421052631582 0.14583333333333331 0.168421052631579
2 0.530416666666667 0.2785964912280701 0.07083333333333401 0.11368421052631573
2 0.605 0.23157894736842102 0.043333333333333356 0.042105263157894764
5 0.6483333333333334 0.40070175438596495 0.043333333333333286 0.06877192982456144
5 0.5941666666666667 0.37543859649122807 0.04500000000000007 0.07438596491228068
4 0.5354166666666668 0.5550877192982456 0.09249999999999993 0.42245614035087703
4 0.11291666666666668 0.5754385964912281 0.15250000000000002 0.6652631578947369
7 0.1646731013636643 0.1528608588553772 0.09943041784576762 0.07638972955310262
7 0.5587618603798588 0.2929848520053931 0.04916666666666661 0.03368421052631585
