2 0.24842767295597482 0.3204237007613373 0.0849056603773585 0.08474015226746115
2 0.35927672955974843 0.5004965243296922 0.04874213836477992 0.05825885468387952
2 0.4827044025157232 0.4369414101290964 0.0566037735849057 0.06885137371731212
2 0.6430817610062894 0.5230056272757363 0.08176100628930774 0.11386957960940096
2 0.49685534591194963 0.5706719629261834 0.09748427672955977 0.16153591525984773
3 0.2468553459119497 0.40383978814961935 0.0440251572327044 0.06090698444223769
3 0.369496855345912 0.564051638530288 0.03459119496855351 0.04766633565044692
3 0.46933962264150947 0.679245283018868 0.03616352201257861 0.05031446540880509
3 0.6179245283018868 0.6050976497848395 0.018867924528301855 0.05031446540880502
2 0.6037735849056604 0.4369414101290963 0.015723270440251583 0.04237007613373052
5 0.2688679245283019 0.6686527639854353 0.04716981132075471 0.07149950347567029
5 0.3231132075471698 0.6607083747103608 0.033018867924528336 0.06090698444223769
5 0.3954402515723271 0.7348560079443893 0.03616352201257861 0.03972194637537243
5 0.3962264150943396 0.8368090036411785 0.031446540880503096 0.031777557100298
4 0.2240566037735849 0.6064217146640185 0.1179245283018868 0.39192320423700766
4 0.3577044025157232 0.6726249586229726 0.07389937106918247 0.18007282356835483
4 0.690251572327044 0.7322078781860312 0.15408805031446549 0.2886461436610393
4 0.5314465408805031 0.7706057596822246 0.15408805031446549 0.19596160211850375
