2 0.4323899371069183 0.3455809334657398 0.08176100628930819 0.07679576299238665
2 0.4992138364779874 0.5057927838464085 0.04559748427672958 0.06355511420059586
2 0.6061320754716981 0.42502482621648463 0.04874213836477992 0.07149950347567029
2 0.6265723270440252 0.5772922873220787 0.12106918238993707 0.15359152598477316
2 0.7665094339622641 0.5230056272757365 0.11163522012578625 0.11916583912611721
3 0.43474842767295596 0.4329692154915591 0.03616352201257861 0.06090698444223761
3 0.5007861635220126 0.5653757034094671 0.03616352201257861 0.045018205892088756
3 0.6045597484276729 0.4859318106587223 0.029874213836477922 0.02912942734193976
3 0.6037735849056604 0.681893412777226 0.037735849056603786 0.06620324395895409
3 0.7507861635220126 0.613042039059914 0.017295597484276753 0.034425686858656095
5 0.4418238993710692 0.7811982787156571 0.05345911949685529 0.063555114200596
5 0.49606918238993714 0.7560410460112545 0.0455974842767295 0.05031446540880495
5 0.5314465408805031 0.6858656074147633 0.037735849056603786 0.037073816617014185
5 0.5125786163522013 0.8421052631578948 0.04088050314465413 0.04766633565044685
4 0.6580188679245278 0.7785501489572989 0.190251572327045 0.20125786163522
4 0.8309748427672955 0.729559748427672 0.15566037735849061 0.2833498841443222
4 0.3907232704402517 0.6064217146640186 0.11163522012578628 0.312479311486263
4 0.4992138364779875 0.6514399205561072 0.02044025157232703 0.1112214498510427
