1 0.2015276145710928 0.8599171253633497 0.11868390129259693 0.15239037664666952
1 0.24735605170387778 0.7005999134145589 0.0669800235017626 0.1543694724472756
1 0.6057579318448884 0.8421052631578948 0.07168037602820214 0.12072484383697202
2 0.2150411280846063 0.2859793431875813 0.12925969447708568 0.1721813346527304
2 0.6974148061104585 0.30774939699424825 0.13278495887191538 0.13655761024182078
2 0.7696827262044653 0.2701465767827324 0.06110458284371333 0.04947739501515244
2 0.35781433607520563 0.2840002473869751 0.03642773207990601 0.07718473622363785
4 0.9858989424206815 0.2879584389881875 0.028202115158636923 0.061351969818789084
0 0.9036427732079908 0.6689343806048604 0.1927144535840183 0.3126971364957632
0 0.10280885214007782 0.617704280155642 0.20561770428015563 0.3093385214007782
0 0.35001215953307396 0.43093385214007784 0.05313715953307401 0.07198443579766532
0 0.5700693093385213 0.4260700389105058 0.049671692607003874 0.06614785992217896
7 0.7245801832608914 0.48053116020952763 0.09569389322481602 0.08252952425891079
7 0.2275656614785991 0.3501945525291829 0.04389591439688714 0.15175097276264582
1 0.7606699902723736 0.7568093385214005 0.0358098249027237 0.0856031128404669
