2 0.23506289308176093 0.3257199602780538 0.0833333333333334 0.07944389275074468
2 0.35141509433962265 0.5057927838464085 0.06132075471698115 0.06355511420059586
2 0.4716981132075472 0.43164515061238 0.05345911949685529 0.07414763323402852
2 0.48427672955974843 0.5878848063555114 0.10377358490566045 0.15888778550148963
2 0.632075471698113 0.5150612380006621 0.07547169811320785 0.10327706057596807
3 0.360062893081761 0.5693478980470043 0.037735849056603855 0.05296259516716319
3 0.235062893081761 0.41310824230387283 0.05503144654088046 0.06355511420059579
5 0.2570754716981132 0.6554121151936445 0.05817610062893081 0.06620324395895388
5 0.3073899371069182 0.6395233366434955 0.03616352201257864 0.055610724925521424
4 0.2193396226415094 0.6090698444223768 0.13050314465408802 0.3866269447202913
4 0.49764150943396224 0.7772260840781198 0.1713836477987421 0.20920225091029465
4 0.669811320754717 0.7547169811320755 0.1666666666666668 0.2701092353525323
5 0.3773584905660377 0.7361800728235685 0.04088050314465413 0.04237007613373052
5 0.38600628930817604 0.8394571333995365 0.033018867924528406 0.04766633565044685
3 0.4677672955974843 0.48857994041708047 0.033018867924528336 0.02912942734193976
3 0.6092767295597484 0.5918570009930486 0.014150943396226339 0.045018205892088756
