0 0.37749667110519314 0.500105122993903 0.12383488681757662 0.3363935804891723
0 0.53728362183755 0.35321325951363103 0.07057256990679094 0.21753451538299817
0 0.7726407675739202 0.6512198074510175 0.07323568575233037 0.24220337795220442
0 0.6840731070496084 0.24295726260821773 0.031331592689295036 0.16490311941734234
1 0.4654046997389034 0.6112408959736156 0.06396866840731065 0.06156383124914129
1 0.49543080939947776 0.5287893362649444 0.05874673629242821 0.09454445513260958
1 0.4934725848563968 0.7442627456369385 0.08877284595300267 0.10773670468599718
1 0.4784595300261097 0.8476020338051395 0.10313315926892948 0.12532637075718014
1 0.3844647519582246 0.9661261508863543 0.07180156657963443 0.06774769822729126
1 0.5796344647519582 0.6200357290092071 0.05744125326370764 0.11873024598048659
1 0.6644908616187988 0.38697265356603 0.03655352480417761 0.03517933214236635
1 0.6677545691906005 0.4232513398378453 0.03785900783289819 0.050570289954651744
1 0.5913838120104438 0.39137007008382585 0.0496083550913837 0.048371581695753674
1 0.6292428198433422 0.35948880032980624 0.03655352480417754 0.05496770647244738
2 0.3616187989556135 0.2539508039027072 0.10704960835509138 0.14731345334615917
2 0.8211488250652741 0.4727222756630481 0.18537859007832894 0.21107599285419817
2 0.7943864229765013 0.2660436993266456 0.08224543080939953 0.13192249553387392
2 0.5509138381201044 0.17149924419403603 0.054830287206266204 0.1011405799093033
2 0.6122715404699739 0.12422701662773122 0.020887728459530023 0.05057028995465163
2 0.6429503916449086 0.12202830836883333 0.022193211488250528 0.04617287343685584
2 0.6834203655352481 0.12422701662773122 0.027415143603133175 0.03298062388346846
2 0.7108355091383811 0.13192249553387383 0.03524804177545704 0.03517933214236636
