2 0.53875 0.24280701754385967 0.07416666666666658 0.10105263157894737
2 0.07958333333333334 0.09263157894736843 0.13583333333333333 0.1543859649122807
2 0.1691666666666667 0.20842105263157898 0.03 0.04350877192982455
3 0.175 0.24771929824561403 0.025 0.02385964912280702
2 0.5979166666666668 0.19859649122807016 0.0375 0.04631578947368425
7 0.07599986447320344 0.2132294456400527 0.043608335590325835 0.1682513628443742
7 0.563497496324702 0.26356882611526733 0.043931432290807156 0.0280701754385967
5 0.6779166666666666 0.4294736842105263 0.025833333333333285 0.07298245614035088
5 0.15791666666666665 0.8484210526315789 0.06583333333333333 0.12771929824561398
5 0.15041666666666667 0.3059649122807017 0.014166666666666676 0.03649122807017535
4 0.08291666666666668 0.6087719298245614 0.14750000000000002 0.7824561403508773
4 0.5345833333333334 0.4828070175438596 0.08916666666666671 0.37052631578947354
4 0.17556793473319698 0.3290846219526633 0.04500000000000015 0.15859649122807054
