2 0.13748531139835488 0.19494093635970067 0.05405405405405405 0.10093388583091104
2 0.30669800235017625 0.29488527429030864 0.0799059929494712 0.07916383202424392
2 0.3713278495887191 0.30774939699424825 0.03525264394829612 0.05343558661636465
2 0.7103407755581668 0.21473189436576168 0.08578143360752051 0.08510111942606223
2 0.8924794359576969 0.2948852742903087 0.03407755581668624 0.04354010761333416
5 0.07344300822561692 0.5749273300760716 0.03642773207990598 0.07718473622363774
5 0.8396004700352526 0.28498979528727814 0.024676850763807323 0.05145649081575858
5 0.9036427732079906 0.4314428845321294 0.016451233842538215 0.04354010761333413
0 0.8971797884841364 0.38691322901849223 0.03877790834312577 0.12072484383697202
2 0.5521643968871595 0.3122568093385214 0.03927529182879375 0.04474708171206224
2 0.6255167801556419 0.3005836575875486 0.02656857976653704 0.04474708171206224
2 0.667679961089494 0.2752918287937743 0.030034046692606894 0.04474708171206228
7 0.3090041342412452 0.3608949416342412 0.07046449416342415 0.07976653696498054
7 0.13573078793774318 0.26459143968871596 0.028878891050583652 0.02334630350194555
7 0.3754255836575875 0.33852140077821 0.013861867704280115 0.023346303501945512
7 0.5463886186770428 0.3472762645914397 0.020792801556420243 0.01750972762645915
7 0.6232064688715953 0.3249027237354085 0.021947957198443575 0.01556420233463033
7 0.7060072124392702 0.3053012326367151 0.04505107003891038 0.05794725875754862
7 0.6728781614785991 0.3054474708171206 0.01963764591439684 0.023346303501945477
7 0.888892266536965 0.31322957198443574 0.012706712062256714 0.019455252918287903
0 0.20446254863813226 0.5447470817120622 0.10858463035019453 0.1867704280155641
4 0.7785749027237352 0.488326848249027 0.14323929961089507 0.33463035019455245
4 0.13573078793774318 0.4610894941634241 0.12129134241245136 0.4552529182879377
