1 0.5856481481481481 0.49902534113060426 0.0625 0.07017543859649124
1 0.8356481481481481 0.5253411306042886 0.0625 0.08771929824561404
2 0.7991898148148148 0.05750487329434697 0.12152777777777773 0.10331384015594541
2 0.6406249999999999 0.20370370370370366 0.035879629629629775 0.05653021442495128
2 0.4016203703703704 0.23001949317738787 0.06018518518518526 0.07017543859649124
2 0.35763888888888884 0.17348927875243664 0.03935185185185183 0.06237816764132553
1 0.44560185185185186 0.3654970760233918 0.018518518518518476 0.07992202729044834
1 0.4484953703703704 0.4317738791423002 0.02430555555555557 0.04093567251461991
5 0.541087962962963 0.32456140350877194 0.02662037037037038 0.033138401559454175
5 0.6446759259259258 0.3567251461988304 0.018518518518518476 0.03508771929824562
7 0.8067129629629628 0.1695906432748538 0.053240740740740616 0.04288499025341132
7 0.6388888888888888 0.23684210526315788 0.030092592592592667 0.009746588693957108
7 0.39641203703703703 0.2738791423001949 0.02430555555555557 0.029239766081871357
0 0.8807870370370371 0.47953216374269003 0.20833333333333343 0.44834307992202727
0 0.6620370370370371 0.3313840155945419 0.0625 0.152046783625731
0 0.3246527777777778 0.3947368421052633 0.09606481481481488 0.13450292397660818
