1 0.12844115839903114 0.9412360688956433 0.07641119217800153 0.11752786220871343
1 0.3107169942652925 0.9736575481256332 0.07039548802399949 0.052684903748733664
1 0.5381047365754812 0.9361702127659574 0.11850937183383997 0.12563323201621074
1 0.68308320668693 0.900709219858156 0.11971251266464038 0.16008105369807496
4 0.17505699088145896 0.6626139817629177 0.24664387031408302 0.4437689969604863
4 0.6142033941236068 0.616514690982776 0.23701874366767975 0.32725430597771016
7 0.5961562816616008 0.3900709219858156 0.11068895643363738 0.11752786220871321
7 0.19761588145896652 0.3991894630192502 0.10888424518743665 0.13373860182370811
2 0.19551038500506582 0.21833839918946304 0.16723657548125628 0.21783181357649442
2 0.6424772036474163 0.26038500506585616 0.1985182370820668 0.2836879432624113
