1 0.48655379933132 0.553224119902405 0.07774336025204341 0.08922969675845253
2 0.600794711043807 0.23706504221921001 0.17019967177242892 0.21444201312910263
2 0.3371512582056892 0.20568927789934358 0.02988238512035011 0.052516411378555825
2 0.127351484651513 0.17411338747186952 0.0448515711552848 0.055123410353010056
2 0.2349906749716768 0.20261548287878875 0.028486808706734975 0.028582509071931175
2 0.04052974780501344 0.19195618375962545 0.0315173202712812 0.0347073324444878
2 0.10243129088166392 0.18171844942561563 0.030305115645462698 0.04185295971247061
2 0.09306502968621182 0.2015737030048462 0.023031887890551658 0.026540901281078888
7 0.2439911485496111 0.22420573077234474 0.020001376326005415 0.020416077908522286
7 0.6291408887220074 0.43329548015868646 0.09263180888894947 0.06034555754455872
0 0.7446968129139074 0.6723684210526315 0.21751862582781484 0.6552631578947365
0 0.3992138711281048 0.29296347180567806 0.02728391684901531 0.12472647702406998
0 0.3371512582056893 0.3205689277899343 0.05846553610503282 0.1772428884026258
0 0.25169067161193154 0.30207062878319924 0.05976477024070022 0.15317286652078774
0 0.16885887358223906 0.3515755405005941 0.08237667545131247 0.27599117020998964
0 0.04779887473786048 0.23455300530456694 0.02831224024344763 0.04157549234135666
1 0.08895597423869424 0.30983801660716415 0.018189277899343548 0.04814004376367613
2 0.3371512582056892 0.20568927789934358 0.02988238512035011 0.052516411378555825
2 0.3371512582056892 0.20568927789934358 0.02988238512035011 0.052516411378555825
2 0.3996133946939444 0.20400353737122556 0.020390388803869116 0.03434170745914795
