7 0.3049962006079027 0.37183383991894625 0.1407674772036474 0.15400202634245186
2 0.30529698581560283 0.20314083080040526 0.17866641337386016 0.21377912867274568
2 0.6599227456940223 0.2573454913880445 0.19009625126646398 0.2512664640324215
7 0.6608251013171226 0.44579533941236066 0.12693135764944266 0.12158054711246194
1 0.32334997298869683 0.9584599797365755 0.07641119217800156 0.08308004052684907
1 0.40065177136762276 0.9442755825734548 0.07220019927020012 0.11144883485309037
1 0.531794121924867 0.9381965552178317 0.06137193179299636 0.12360688956433648
1 0.7294100033838337 0.9285714285714286 0.1113022762712133 0.1428571428571429
4 0.2628862715298885 0.6793313069908814 0.19129939209726443 0.4549138804457953
4 0.6518015450861195 0.6737588652482269 0.22919832826747716 0.3687943262411347
