1 0.4354194407456724 0.6436330506692832 0.11984021304926763 0.13904267993552458
1 0.5745672436750999 0.2691148643913379 0.09986684420772299 0.17043941411451408
2 0.3074412532637076 0.13082314140442491 0.16057441253263705 0.26164628280884983
7 0.3276762402088773 0.2319637213137282 0.10704960835509145 0.12972378727497597
0 0.3133159268929504 0.6418166826989145 0.174934725848564 0.7163666346021713
2 0.7800261096605743 0.4793184004397417 0.04569190600522191 0.0703586642847327
2 0.856396866840731 0.4837158169575375 0.033942558746736184 0.0703586642847327
0 0.8609660574412533 0.5694654390545556 0.06657963446475179 0.12752507901607812
0 0.7826370757180158 0.6068434794558197 0.07441253263707566 0.1802940772296276
7 0.8544386422976501 0.515597086711557 0.03002610966057432 0.024185790847876875
7 0.7839425587467364 0.5177957949704549 0.027415143603133175 0.032980623883468424
