2 0.565251572327044 0.3879510095994704 0.10534591194968555 0.21449851042701096
2 0.9253144654088049 0.39192320423700766 0.1179245283018868 0.18007282356835483
1 0.04245283018867925 0.35484938761999324 0.0849056603773585 0.21185038066865264
1 0.35534591194968557 0.6011254551473023 0.07232704402515726 0.07414763323402845
1 0.11713836477987422 0.8513737173121484 0.061320754716981146 0.13505461767626614
1 0.49371069182389943 0.6752730883813305 0.02830188679245282 0.037073816617014047
1 0.7798742138364781 0.6713008937437934 0.0440251572327044 0.0714995034756702
1 0.8309748427672957 0.6607083747103608 0.05188679245283012 0.07679576299238654
4 0.8113207547169813 0.5216815623965576 0.19182389937106925 0.1747765640516388
4 0.17374213836477984 0.5719960278053624 0.21540880503144652 0.10592519033432651
7 0.03223270440251573 0.5071168487255875 0.048742138364779884 0.03442568685865602
7 0.8797169811320755 0.4912280701754386 0.05817610062893095 0.034425686858656095
