1 0.4166527962716378 0.5472703062583223 0.036368175765645744 0.11451398135818913
5 0.5131075233022638 0.9007989347536616 0.041111850865512854 0.09986684420772303
4 0.6316994007989348 0.7549933422103863 0.16128495339547272 0.49001331557922767
7 0.5941453062583222 0.41211717709720375 0.09882656458055933 0.09187749667110516
2 0.615491844207723 0.24966711051930748 0.1652380159786949 0.2303595206391474
3 0.5063873169107856 0.14513981358189082 0.06720206391478023 0.07989347536617843
4 0.49452812916111855 0.35086551264980026 0.10673268974700406 0.37683089214380816
2 0.5138981358189082 0.04460719041278296 0.0948735019973369 0.08921438082556592
6 0.973181591211717 0.3735019973368841 0.05363681757656415 0.13981358189081217
7 0.9910327896138482 0.48934753661784286 0.01502163781624489 0.08388814913448726
5 0.8657207057256981 0.8468708388814913 0.045855525965379354 0.10119840213049258
4 0.955850532623169 0.7270306258322237 0.08538615179760313 0.3488681757656458
