2 0.37309048178613397 0.23254375657121656 0.059929494712103376 0.06531016142000126
2 0.6069330199764983 0.21374234646545862 0.07168037602820214 0.07916383202424392
2 0.5487661574618096 0.2523347145772775 0.04230317273795535 0.06135196981878906
2 0.42714453584018797 0.25431381037788364 0.03407755581668631 0.029686437009091477
1 0.628982247081712 0.438715953307393 0.031189202334630295 0.06031128404669261
7 0.3656067607003891 0.2587548638132296 0.028878891050583704 0.07003891050583666
7 0.6117238518830139 0.2875779690600021 0.040430447470817074 0.035019455252918386
0 0.3470473393418122 0.3664126002988506 0.07739542801556412 0.25097276264591506
0 0.3470473393418122 0.3664126002988506 0.07739542801556412 0.25097276264591506
0 0.6778082975564275 0.32523317586732553 0.05891293774319067 0.25097276264591434
2 0.798790126459144 0.26264591439688717 0.03349951361867696 0.066147859922179
2 0.9379863813229572 0.23735408560311286 0.034654669260700356 0.050583657587548674
7 0.9379863813229572 0.2772373540856032 0.034654669260700356 0.025291828793774337
7 0.7930143482490272 0.29961089494163423 0.017327334630350178 0.011673151750972756
7 0.43318336575875477 0.27723735408560307 0.02541342412451364 0.02140077821011669
7 0.5521643968871595 0.28307392996108954 0.011551556420233453 0.021400778210116763
0 0.41505715942270455 0.3235988618076399 0.033499513618676986 0.12256809338521414
0 0.5816208657587548 0.3326848249027238 0.05198200389105054 0.0972762645914397
