2 0.7756324900133156 0.4978624991239752 0.17976031957390146 0.21080664377321467
2 0.8082556591211718 0.2534164973018431 0.07456724367509977 0.1345574321956689
2 0.4187749667110517 0.254537809236807 0.08921438082556621 0.1278295605858859
2 0.5548302872062664 0.17259859832348495 0.06788511749347258 0.08135220557922222
2 0.6984334203655354 0.12752507901607807 0.02610966057441246 0.03957674866016216
7 0.7389033942558746 0.5892538133846367 0.133159268929504 0.10553799642709918
7 0.4275456919060052 0.34299848838807206 0.07702349869451694 0.07035866428473277
7 0.5580939947780679 0.22316888827813663 0.027415143603133102 0.059365122990243255
7 0.7806788511749346 0.31551463515184835 0.060052219321148785 0.07695478906142643
0 0.5404699738903394 0.34739590490586786 0.08093994778067881 0.16710182767624024
0 0.39490861618798945 0.5013054830287207 0.09007832898172324 0.342998488388072
0 0.6873368146214099 0.689295039164491 0.08485639686684081 0.17809536897072975
7 0.6834203655352481 0.15500893225230178 0.027415143603133175 0.024185790847876875
0 0.6814621409921671 0.25505015803215614 0.041775456919060046 0.1802940772296276
1 0.3635770234986946 0.951834547203518 0.0535248041775457 0.09633090559296392
1 0.4719321148825065 0.8882781365947507 0.12140992167101829 0.1099354129448949
1 0.5502610966057442 0.6563144152810224 0.05874673629242821 0.11653153772158867
1 0.578981723237598 0.5848563968668408 0.07702349869451694 0.08355091383812016
1 0.5796344647519582 0.5210938573588018 0.0704960835509138 0.09234574687371165
1 0.5071801566579635 0.4760203380513948 0.06396866840731065 0.07255737254363062
1 0.6618798955613576 0.3704823416242958 0.05221932114882506 0.05057028995465167
1 0.6044386422976501 0.3781778205304384 0.044386422976501264 0.061563831249141145
2 0.6122715404699739 0.1264257248866291 0.023498694516971314 0.03737804040126425
2 0.6298955613577024 0.1099354129448949 0.02219321148825074 0.043974165177957956
