2 0.3702830188679245 0.34160873882820253 0.08333333333333336 0.08474015226746111
2 0.4473270440251572 0.5057927838464085 0.05188679245283019 0.06885137371731212
2 0.5581761006289309 0.43429328037073817 0.05660377358490564 0.06355511420059579
2 0.5731132075471698 0.582588546838795 0.10534591194968541 0.14299900695134057
2 0.7232704402515724 0.5349222111883482 0.10062893081761018 0.1377027474346243
5 0.36477987421383645 0.5878848063555114 0.05345911949685536 0.09533267130089378
5 0.4119496855345912 0.5759682224428997 0.025157232704402475 0.07149950347567029
5 0.46069182389937113 0.7401522674611055 0.037735849056603786 0.055610724925521285
5 0.4827044025157232 0.8368090036411785 0.02830188679245282 0.04766633565044685
4 0.32783018867924524 0.6289308176100629 0.1179245283018868 0.3469049983449189
4 0.6077044025157234 0.7759020191989409 0.1682389937106919 0.22244289970208544
4 0.779874213836478 0.7454485269778219 0.15094339622641514 0.2674611055941742
4 0.45283018867924535 0.6713008937437934 0.05974842767295599 0.14564713670969887
3 0.360062893081761 0.43164515061238 0.037735849056603855 0.06355511420059586
3 0.45518867924528306 0.5706719629261834 0.03930817610062896 0.03972194637537243
3 0.554245283018868 0.4912280701754386 0.03616352201257854 0.03442568685865602
