5 0.5475 0.43649122807017543 0.021666666666666713 0.07017543859649124
5 0.5058333333333332 0.4315789473684211 0.018333333333333358 0.07438596491228061
7 0.5410825012201594 0.29241106916455856 0.05333333333333334 0.04631578947368429
2 0.09166666666666662 0.1052631578947368 0.13499999999999993 0.16561403508771927
2 0.23083333333333336 0.21754385964912282 0.03499999999999996 0.04771929824561404
2 0.6591666666666667 0.2 0.04000000000000007 0.049122807017543874
7 0.11041666666666666 0.20140350877192986 0.06916666666666665 0.136140350877193
4 0.09458333333333332 0.5585964912280702 0.1425 0.6624561403508773
4 0.5395833333333333 0.503859649122807 0.10583333333333296 0.4042105263157893
5 0.16541666666666668 0.8463157894736839 0.07249999999999995 0.1178947368421052
2 0.5713556406019308 0.1994533732645823 0.06989198229626589 0.07490514646813327
