2 0.1690251572327044 0.31247931148626285 0.08647798742138363 0.09533267130089375
2 0.285377358490566 0.48990400529625944 0.06761006289308175 0.05825885468387945
2 0.41588050314465397 0.4316451506123799 0.03616352201257885 0.06355511420059579
2 0.43160377358490565 0.5786163522012577 0.10849056603773582 0.16683217477656392
2 0.5668238993710691 0.5190334326381993 0.08962264150943397 0.10592519033432644
3 0.2900943396226415 0.5547831843760345 0.03930817610062892 0.05031446540880502
3 0.1540880503144654 0.39589539887454483 0.05345911949685531 0.03972194637537243
5 0.15408805031446537 0.44753392916252893 0.03459119496855344 0.07944389275074477
5 0.11871069182389939 0.679245283018868 0.04874213836477986 0.07679576299238676
5 0.3223270440251572 0.7335319430652103 0.05031446540880502 0.03707381661701433
5 0.3231132075471698 0.8328368090036412 0.03930817610062892 0.06090698444223761
4 0.45990566037735847 0.7719298245614036 0.1556603773584906 0.2092022509102945
4 0.6163522012578616 0.7335319430652102 0.1540880503144654 0.27540549486924853
4 0.15487421383647798 0.5852366765971533 0.13679245283018868 0.3760344256868587
4 0.2830188679245283 0.6607083747103607 0.09119496855345907 0.19331347236014565
