2 0.33624999999999994 0.12491228070175436 0.13416666666666668 0.15438596491228068
2 0.7483333333333333 0.29894736842105263 0.105 0.20491228070175435
7 0.7089648803483847 0.37963324525047043 0.08250000000000002 0.07859649122807055
7 0.3653080136333338 0.1769239791172394 0.10416666666666644 0.07157894736842117
2 0.44625 0.2392982456140351 0.03916666666666657 0.05192982456140349
5 0.4933333333333333 0.5649122807017544 0.06 0.12210526315789473
5 0.40875 0.7550877192982456 0.024166666666666715 0.1094736842105263
5 0.6891666666666667 0.6435087719298247 0.04666666666666657 0.09684210526315788
4 0.3270833333333333 0.5557894736842105 0.12749999999999997 0.6035087719298247
4 0.6891666666666666 0.6971929824561401 0.1883333333333324 0.6056140350877186
4 0.45833333333333337 0.34245614035087724 0.06 0.1375438596491228
