2 0.02605888287693931 0.4934348085353886 0.023952892303947166 0.024205028012409785
3 0.028625264195219366 0.5185043018339559 0.01471391955813897 0.010949893624661443
1 0.014253528812851069 0.5963061775881302 0.01745139296430436 0.021323477058551532
4 0.03273147430446745 0.5729656148618779 0.042088653619792867 0.08414128785266244
2 0.7186026110156181 0.5564405349264518 0.0325143711783052 0.03991059298960579
2 0.8042972672567444 0.5977433579040671 0.0341676442890666 0.04083874631494531
2 0.8767657386117808 0.5262755518529127 0.030310007030623465 0.042695052965624786
2 0.9685223962590321 0.6139860410975113 0.03416764428906646 0.028772753085529814
3 0.9638381224452084 0.6432228708457108 0.023696914587578277 0.02041937315747262
4 0.9682468507405718 0.6822053105099769 0.043536191916713846 0.051976586219021355
4 0.709509608906431 0.656681094063136 0.04959819332283857 0.14015115212628992
4 0.7949287196290973 0.6789567738712879 0.057313467839724554 0.09745609916066514
