6 0.3399633821571237 0.3954727030625834 0.20872170439414103 0.2769640479360855
7 0.33640562583222366 0.5572569906790945 0.11305758988015974 0.08921438082556579
5 0.4700191411451398 0.8209054593874834 0.06087716378162455 0.14247669773635152
4 0.3510319573901459 0.8075898801597867 0.16760985352862828 0.38482023968042595
5 0.6783455392809589 0.936085219707057 0.053761651131824385 0.12782956058588563
3 0.9080184753661783 0.3462050599201065 0.0956641145139814 0.15179760319573898
6 0.9179011318242338 0.19573901464713714 0.12966045272969362 0.18641810918774968
4 0.8724409121171766 0.6930758988015983 0.241136817576563 0.6138482023968037
5 0.8843000998668432 0.8968042609853539 0.0909204394141147 0.10519307589880167
4 0.4992718042609854 0.2343541944074567 0.09882656458055933 0.2503328894806924
2 0.461717709720373 0.035952063914780286 0.050599201065246395 0.0692410119840213
