5 0.4414831981460023 0.5464414222113801 0.0324449594438007 0.06635360126852476
5 0.5446118192352261 0.5405866926876868 0.03012746234067208 0.07415990730011593
5 0.6211012476007678 0.5796545105566219 0.03418905950095976 0.06525911708253361
2 0.49574136276391556 0.23032629558541268 0.052423224568138235 0.08061420345489445
2 0.676943378119002 0.29366602687140114 0.056981765834932786 0.12284069097888675
7 0.6563707971605904 0.33607233635373723 0.03194477413276958 0.041572382036774574
7 0.49916026871401153 0.27543186180422263 0.059261036468330135 0.047984644913627646
4 0.6661168426103647 0.519193857965451 0.06723848368522077 0.3589251439539347
4 0.4963111804222649 0.43282149712092133 0.08319337811900208 0.3051823416506718
2 0.6057729258992939 0.2984795566410698 0.043744020971058076 0.04658805948620419
7 0.6025564537690682 0.3347749053105542 0.018012243929258008 0.021668864877304746
2 0.4047434177602402 0.30275915745433757 0.01839822058488622 0.030986476774545153
