2 0.4562914345387447 0.3472537964277606 0.07324137996210339 0.07958316328649616
2 0.631125696383766 0.4268369597142566 0.05434037868156061 0.05968737246487216
2 0.790012238398329 0.5332794406099453 0.10041156930288367 0.1014685331902826
2 0.514175750960407 0.49448264850777846 0.06615350448189992 0.04774989797189775
3 0.5212636264406108 0.5641179163834624 0.03307675224095 0.05570821430054728
3 0.6228565083235285 0.6815030822310442 0.03543937740101775 0.06366653062919689
2 0.6506173539543255 0.5730710222531934 0.11694994542335875 0.14126011483353068
3 0.6252191334835963 0.4835399635558852 0.025988876760746394 0.02984368623243597
3 0.7663859867976504 0.6168417620607662 0.01535706354044109 0.057697793382709646
3 0.4527474967986429 0.4298213283375003 0.04961512836142489 0.06565610971135932
4 0.4155361505275742 0.5999303398623858 0.08151056802234095 0.3223118113103094
4 0.6831034499052587 0.7779976677159209 0.1582958857245462 0.2089058036270527
4 0.833130147569567 0.7421852442369977 0.10868075736312184 0.2725723342562494
4 0.5253982204707295 0.6596177123272581 0.027170189340780204 0.13927053575136825
5 0.48523359274957584 0.7968986689964638 0.053159066101526806 0.0875414796151459
5 0.5354393774010178 0.8516120937559299 0.04252725288122136 0.041781160725410584
5 0.54666184691134 0.699409293970506 0.03898331514111966 0.039791581643247864
