2 0.32232704402515727 0.33631247931148633 0.06603773584905645 0.08474015226746107
2 0.42138364779874216 0.5004965243296922 0.05974842767295598 0.05296259516716319
2 0.5251572327044026 0.430321085733201 0.05031446540880502 0.07679576299238661
2 0.5487421383647799 0.582588546838795 0.09433962264150936 0.14299900695134057
2 0.6831761006289309 0.5203574975173784 0.09905660377358487 0.10857332009268454
3 0.3136792452830188 0.4237007613373055 0.04245283018867923 0.05296259516716326
3 0.4268867924528303 0.5640516385302881 0.03616352201257861 0.052962595167163194
3 0.5220125786163523 0.4925521350546177 0.03459119496855344 0.026481297583581594
3 0.5204402515723271 0.6845415425355842 0.031446540880503165 0.045018205892088756
5 0.3231132075471698 0.6580602449520027 0.055031446540880505 0.045018205892088686
5 0.37657232704402516 0.6554121151936445 0.036163522012578685 0.03972194637537235
5 0.4465408805031446 0.7044025157232704 0.04088050314465406 0.037073816617014185
5 0.45125786163522014 0.8368090036411785 0.025157232704402475 0.037073816617014185
4 0.29638364779874216 0.6024495200264812 0.11477987421383648 0.3733862959285004
4 0.4190251572327044 0.6593843098311818 0.05188679245283019 0.14299900695134063
4 0.584119496855346 0.7811982787156571 0.15251572327044025 0.19596160211850372
4 0.7413522012578617 0.7401522674611055 0.1367924528301886 0.2674611055941742
