1 0.43003144654088055 0.25422045680238337 0.1682389937106919 0.2965905329361139
2 0.6103501335882178 0.15861408486558584 0.1556603773584905 0.27540549486924853
7 0.5895310424521993 0.30722925797834777 0.09589126132363536 0.09429190180107286
4 0.529874213836478 0.4912280701754386 0.2138364779874214 0.3839788149619332
1 0.5558176100628931 0.763985435286329 0.07389937106918247 0.14564713670969864
1 0.6367924528301887 0.8513737173121483 0.0880503144654089 0.1721284342932802
1 0.9544025157232704 0.9766633565044688 0.06603773584905667 0.0466732869910625
7 0.9017295597484278 0.4237007613373055 0.0644654088050315 0.05825885468387959
4 0.9174528301886788 0.21913273750413784 0.1650943396226408 0.3005627275736512
4 0.8341194968553454 0.5971532605097645 0.27201257861635253 0.28334988414432294
