0 0.5040154793608522 0.758988015978695 0.15733189081225035 0.40213049267643153
7 0.4795064913448735 0.3521970705725699 0.07668941411451392 0.07323568575233025
2 0.4846454727030626 0.22836218375499334 0.1312416777629827 0.1637816245006658
1 0.14389147802929425 0.4254327563249001 0.10119840213049265 0.1264980026631158
1 0.1494257656458056 0.29494007989347537 0.0758988015978695 0.1344873501997337
7 0.018579394141145136 0.03462050599201066 0.03715878828229027 0.06924101198402131
1 0.34114930093209034 0.050599201065246346 0.08459553928095867 0.085219707057257
1 0.5020389480692407 0.08055925432756314 0.07115512649800261 0.07323568575233014
1 0.4968999667110519 0.023968042609853527 0.04664613848202393 0.0426098535286285
1 0.3834470705725699 0.5805592543275633 0.08222370173102533 0.10652463382157115
1 0.3364056258322236 0.404127829560586 0.08617676431424762 0.1078561917443408
