5 0.9574012240116602 0.8370828420712141 0.024700172127982256 0.06330478897789477
4 0.9757473305557451 0.7484561375021616 0.048505338888509615 0.18629695042066133
4 0.8489352507539994 0.6833426402677557 0.044030741619446305 0.05606995595184955
4 0.6889210921857676 0.6878644109090338 0.046178582674053385 0.11575732841672157
4 0.6035444102651338 0.6616381411896204 0.04080898003753568 0.1465053687774133
2 0.6121357744835625 0.5639678953380115 0.02792193370989274 0.03798287338673674
2 0.6921428537676784 0.6046638311095153 0.02470017212798197 0.03979158164324808
2 0.7614107277787585 0.5296024384642973 0.025774092655285727 0.03436545687371428
2 0.8446395686447853 0.6164204347768385 0.02899585423719657 0.027130623847669143
3 0.8408808467992229 0.6444554127527633 0.017182728436857246 0.014469666052090276
