5 0.3061993414387031 0.6261398176291793 0.05293819655521787 0.15197568389057758
5 0.314922112462006 0.9032421479229988 0.11129052684903741 0.18541033434650445
2 0.33898492907801414 0.22948328267477203 0.10166540020263422 0.16514690982776084
2 0.5272764690982775 0.25785207700101315 0.08602456940222894 0.14488348530901723
2 0.7651975683890576 0.33789260385005065 0.03850050658561287 0.06382978723404258
2 0.6611258865248226 0.3951367781155015 0.16242401215805466 0.34853090172239104
7 0.3239456686930091 0.3480243161094225 0.06557117527862204 0.06585612968591693
7 0.5029128672745693 0.3500506585612968 0.04210992907801412 0.06990881458966566
3 0.7629047543690713 0.3546206561164297 0.04451385406345509 0.040286747112682875
4 0.36725729943815066 0.4828943723621753 0.14765819287095877 0.20079211568573258
4 0.5242124896380217 0.505920991133475 0.10500138159712627 0.2376347057198121
4 0.6707769181173439 0.7905299991467382 0.3270355530993828 0.30210923827945085
4 0.7700360366583772 0.43453847294244613 0.04648498664456113 0.09855392834116238
