2 0.48624999999999985 0.12771929824561404 0.0858333333333335 0.12070175438596495
2 0.30375 0.22526315789473686 0.05916666666666661 0.09684210526315795
7 0.31625 0.2736842105263158 0.06250000000000004 0.03368421052631582
7 0.4883333333333333 0.18666666666666665 0.06500000000000007 0.05052631578947366
5 0.14375 0.45964912280701753 0.034166666666666644 0.05473684210526316
5 0.4258333333333333 0.18105263157894735 0.055 0.0870175438596491
5 0.4283333333333333 0.2828070175438597 0.03999999999999993 0.09122807017543863
4 0.3795833333333333 0.4870175438596492 0.13749999999999993 0.36771929824561406
4 0.5129166666666667 0.37192982456140355 0.12083333333333336 0.31719298245614036
2 0.04375 0.15929824561403508 0.07416666666666667 0.09122807017543857
2 0.12291666666666666 0.1768421052631579 0.0275 0.03929824561403508
