2 0.41875 0.5656140350877193 0.06916666666666664 0.10947368421052632
2 0.06208333333333333 0.4687719298245614 0.0225 0.02245614035087719
2 0.085 0.48 0.02666666666666665 0.03368421052631582
2 0.595 0.6273684210526317 0.09666666666666672 0.16
3 0.5808333333333334 0.7157894736842105 0.06166666666666664 0.0505263157894737
3 0.4183333333333333 0.6357894736842106 0.04500000000000007 0.0589473684210526
3 0.06208333333333333 0.49543859649122807 0.0125 0.016842105263157877
4 0.41916666666666663 0.759298245614035 0.10666666666666672 0.26385964912280696
4 0.57625 0.791578947368421 0.08916666666666671 0.16561403508771932
5 0.45125 0.8708771929824561 0.0625 0.08561403508771917
