2 0.29559748427672955 0.3124793114862628 0.0849056603773585 0.10592519033432639
2 0.4040880503144653 0.5044687189672294 0.0566037735849057 0.07149950347567036
2 0.5086477987421384 0.43826547500827545 0.05503144654088054 0.06620324395895402
2 0.5275157232704403 0.581264481959616 0.10534591194968555 0.14564713670969873
2 0.6588050314465409 0.5309500165508111 0.09119496855345915 0.11916583912611721
4 0.2578616352201258 0.6355511420059582 0.11949685534591194 0.3919232042370077
5 0.2971698113207547 0.6607083747103607 0.0660377358490566 0.0820920225091028
5 0.3569182389937107 0.663356504468719 0.037735849056603786 0.05031446540880495
5 0.4245283018867924 0.6951340615690168 0.04088050314465413 0.055610724925521285
5 0.4276729559748428 0.8341608738828202 0.02830188679245282 0.03707381661701433
4 0.39072327044025157 0.6832174776564051 0.06132075471698115 0.18007282356835488
3 0.28380503144654085 0.41178417742469375 0.048742138364779884 0.05031446540880502
3 0.4033018867924528 0.5693478980470043 0.04245283018867923 0.04237007613373059
3 0.5007861635220127 0.4899040052962596 0.02672955974842772 0.026481297583581594
4 0.5566037735849058 0.8116517709367759 0.1666666666666667 0.19331347236014565
4 0.7256289308176102 0.7467725918570011 0.15566037735849064 0.24892419728566695
3 0.6375786163522013 0.6143661039390931 0.023584905660377443 0.03707381661701426
3 0.49764150943396224 0.6832174776564051 0.02987421383647799 0.042370076133730665
