3 0.7629166666666666 0.6357894736842105 0.04916666666666671 0.06456140350877192
2 0.9384395522367827 0.7226351232058125 0.07749999999999993 0.07157894736842117
2 0.7620833333333334 0.5564912280701754 0.07083333333333329 0.09403508771929822
2 0.9541666666666666 0.6217543859649123 0.09166666666666672 0.14315789473684204
2 0.42166666666666663 0.46526315789473677 0.019999999999999928 0.03508771929824562
2 0.41166666666666674 0.4554385964912281 0.01500000000000007 0.023859649122806983
5 0.40083333333333326 0.5143859649122807 0.011666666666666643 0.023859649122807056
5 0.37708333333333327 0.5164912280701754 0.010833333333333356 0.01964912280701746
4 0.7541666666666668 0.7452631578947368 0.115 0.25824561403508767
4 0.9454166666666667 0.8119298245614036 0.0925 0.13052631578947355
2 0.19833333333333336 0.40701754385964917 0.031666666666666676 0.04491228070175445
4 0.18916666666666665 0.49543859649122807 0.024999999999999963 0.11508771929824561
5 0.22208333333333333 0.5256140350877193 0.014166666666666643 0.0378947368421052
