2 0.38443396226415094 0.3482290632240979 0.08962264150943397 0.09268454154253554
2 0.455188679245283 0.5018205892088713 0.06132075471698115 0.055610724925521354
2 0.5825471698113208 0.5839126117179742 0.09276729559748417 0.15094339622641506
2 0.735062893081761 0.5349222111883482 0.08962264150943397 0.13240648791790796
2 0.5668238993710691 0.4329692154915591 0.0644654088050315 0.06090698444223761
5 0.4040880503144655 0.6249586229725257 0.05031446540880502 0.09003641178417737
5 0.45204402515723274 0.6130420390599141 0.03301886792452827 0.05031446540880502
5 0.470125786163522 0.7348560079443893 0.03459119496855344 0.03972194637537243
5 0.48663522012578625 0.8368090036411783 0.029874213836478064 0.04237007613373052
3 0.380503144654088 0.4369414101290963 0.044025157232704476 0.04766633565044685
3 0.45990566037735847 0.5653757034094671 0.03616352201257861 0.05031446540880509
3 0.565251572327044 0.48857994041708047 0.03301886792452827 0.02912942734193976
3 0.5613207547169812 0.6911618669314796 0.02830188679245289 0.042370076133730665
4 0.3569182389937107 0.6117179741807348 0.11006289308176101 0.36544190665342596
4 0.6053459119496857 0.7904667328699105 0.13836477987421383 0.19860973187686184
4 0.7995283018867922 0.7520688513737173 0.1525157232704403 0.2701092353525323
