1 0.5099337748344371 0.5197629836179855 0.06092715231788077 0.08922969675845252
2 0.6060927242888401 0.3129102844638945 0.17019967177242892 0.21444201312910263
2 0.3371512582056892 0.20568927789934358 0.02988238512035011 0.052516411378555825
2 0.13637302040458216 0.17508322410534588 0.0448515711552848 0.055123410353010056
2 0.25062330638797653 0.1934576942230159 0.028486808706734975 0.028582509071931172
2 0.025456297142188663 0.18937447864131143 0.0315173202712812 0.0347073324444878
2 0.10243129088166392 0.18171844942561563 0.030305115645462698 0.04185295971247061
2 0.08182381224274927 0.1985617137001464 0.023031887890551658 0.026540901281078888
7 0.2548660225783413 0.2230610071903731 0.020001376326005415 0.02041607790852229
7 0.6331143986557821 0.46898735886206744 0.09263180888894947 0.06034555754455872
0 0.7195312500000002 0.6723684210526315 0.16718750000000004 0.6552631578947367
0 0.40601066739606123 0.2986870897155361 0.02728391684901531 0.12472647702406998
0 0.3371512582056893 0.3205689277899343 0.05846553610503282 0.1772428884026258
0 0.25984682713347923 0.2997811816192561 0.05976477024070022 0.15317286652078774
0 0.17214852297592997 0.36542669584245074 0.09224562363238512 0.2538293216630197
0 0.0318312363238512 0.2461706783369803 0.04287472647702407 0.041575492341356685
1 0.09224562363238512 0.2932166301969365 0.018189277899343548 0.04814004376367613
1 0.2728391684901531 0.2691466083150984 0.020787746170678325 0.03501094091903717
