1 0.42534722222222215 0.838206627680312 0.0891203703703703 0.1832358674463939
1 0.487485779294653 0.7884557810909527 0.07622298065984076 0.10538291120292201
1 0.7053469852104663 0.6687024729058141 0.10466439135381128 0.14178791689120399
2 0.49284398327456175 0.10835132054147255 0.18430034129692813 0.17052871085563764
2 0.5688282138794084 0.20022753128555176 0.14562002275312858 0.11687922878869529
2 0.6393629124004551 0.2567510927489372 0.08646188850967014 0.09580264654811092
7 0.5910685487746669 0.28414469185776503 0.08077360637087606 0.07664211723848899
7 0.6261561801388197 0.33978197683514805 0.07053469852104662 0.04411679048580805
0 0.3048919226393628 0.6322076522363935 0.22298065984072796 0.7355846955272132
3 0.3993174061433447 0.342973474642237 0.054607508532423236 0.23375845757739058
0 0.5062571103526733 0.5451170588587511 0.14562002275312838 0.44644033291419677
