7 0.5770440251572327 0.2846739490235021 0.10062893081761004 0.10857332009268454
2 0.5959119496855346 0.10327706057596822 0.16037735849056603 0.18007282356835486
2 0.9394654088050314 0.22376696458126447 0.12106918238993714 0.2568685865607414
7 0.9150943396226415 0.4369414101290963 0.04088050314465406 0.05825885468387952
1 0.41509433962264153 0.20523005627275737 0.169811320754717 0.3098311817279047
1 0.5511006289308176 0.7375041377027475 0.08333333333333336 0.1297583581595498
1 0.6996855345911949 0.8566699768288646 0.06603773584905667 0.19331347236014565
1 0.8742138364779873 0.930817610062893 0.07861635220125791 0.13505461767626614
4 0.5180817610062892 0.5322740814299901 0.2279874213836478 0.30718305196954654
4 0.8380503144654078 0.6037735849056602 0.191823899371069 0.24362793776895053
