2 0.20204402515723272 0.32836809003641176 0.05817610062893081 0.09003641178417741
2 0.3128930817610063 0.5031446540880503 0.044025157232704365 0.04766633565044692
2 0.4339622641509434 0.43164515061238 0.04716981132075475 0.07414763323402852
2 0.44261006289308186 0.582588546838795 0.10849056603773582 0.15359152598477316
2 0.5872641509433962 0.5230056272757365 0.09276729559748433 0.09798080105925194
5 0.20518867924528306 0.6474677259185699 0.05817610062893085 0.07679576299238661
5 0.3466981132075472 0.7361800728235685 0.04874213836477985 0.03707381661701433
5 0.3443396226415094 0.8301886792452831 0.03773584905660371 0.05031446540880495
5 0.19103773584905656 0.46871896722939416 0.04559748427672958 0.0953326713008937
3 0.18632075471698112 0.4131082423038729 0.05503144654088052 0.05825885468387952
3 0.31761006289308175 0.5587553790135718 0.0440251572327044 0.05825885468387952
4 0.16745283018867926 0.5931810658722277 0.13050314465408805 0.381330685203575
4 0.4724842767295598 0.7851704733531943 0.16509433962264153 0.22509102946044351
4 0.6352201257861636 0.7706057596822246 0.14779874213836477 0.28599801390268126
4 0.3050314465408805 0.6686527639854353 0.0849056603773585 0.17212843429328045
3 0.4268867924528303 0.4899040052962596 0.023584905660377374 0.026481297583581594
3 0.5636792452830188 0.5958291956305859 0.02044025157232703 0.037073816617014185
