7 0.6604866743916571 0.36396901872293713 0.04171494785631516 0.04098310666585356
7 0.49963502028008294 0.29353904155644034 0.03988723608445283 0.034548944337811874
2 0.5037188099808063 0.23224568138195778 0.06381957773512476 0.08445297504798464
2 0.664407389635317 0.28694817658349325 0.06609884836852206 0.07485604606525924
5 0.640475047984645 0.48080614203454886 0.043306142034548994 0.0825335892514395
5 0.4416086852207294 0.4606525911708254 0.03304942418426102 0.05758157389635315
5 0.5584213051823417 0.5489443378119002 0.034189059500959684 0.06525911708253361
4 0.5122660748560461 0.41746641074856045 0.07635556621881001 0.27447216890595
4 0.6575695777351248 0.5268714011516314 0.07749520153550861 0.34740882917466415
2 0.3054222648752399 0.2975047984644914 0.02963051823416503 0.0460652591170825
4 0.2980146353166987 0.3915547024952016 0.04672504798464495 0.14587332053742802
5 0.34070345764746324 0.3873760748002109 0.01910584445353571 0.028602901638041658
2 0.6357826108742919 0.3182523958416102 0.016275348978937884 0.03337005191104865
