4 0.32064290611939583 0.7182275835866261 0.17326402905743415 0.5631015704154002
4 0.6575164640324214 0.6205673758865248 0.1443768996960486 0.5663627152988855
7 0.31521347955086154 0.3592978137643439 0.0782241482220217 0.09126335579201399
2 0.28548408629127914 0.3147314668698001 0.11364640402067301 0.1811062702487437
7 0.6250557236393888 0.27991155053971767 0.0819460152420087 0.10823727463832715
2 0.646243820046141 0.16671143143107423 0.12039328951651278 0.19662317139538907
5 0.53585867823138 0.7930262256469482 0.04855862677166016 0.10694693507604484
5 0.7192608762689576 0.9235643964015325 0.06723502168383717 0.12519082400078219
5 0.04164836065415463 0.8351759000592719 0.08329672130830926 0.20005367855401346
5 0.5022082591884386 0.5448464263087145 0.042955708298007024 0.09121944462368525
