5 0.17381228273464658 0.38738793681771055 0.018539976825028965 0.029273647618466753
5 0.21263035921205098 0.40397633713484177 0.026651216685979123 0.03512837714216019
2 0.5006343224848585 0.21901520631056193 0.05167258455880454 0.06609684367282138
2 0.6780830134357007 0.2888675623800384 0.059261036468330135 0.12476007677543183
2 0.19484069972805332 0.287340685604967 0.0271140625853677 0.03581630558231938
5 0.44844649712092133 0.5518234165067178 0.03760796545105563 0.07485604606525918
5 0.5475947696737045 0.5374280230326296 0.037607965451055776 0.06909788867562383
5 0.6159728886756238 0.5815738963531669 0.030770153550863738 0.07293666026871393
4 0.19886636276391556 0.3944337811900192 0.030770153550863738 0.15930902111324372
4 0.49688099808061437 0.4462571976967371 0.07521593090211112 0.30518234165067165
4 0.6587092130518234 0.5239923224568138 0.07521593090211126 0.3378119001919386
