1 0.4339622641509433 0.22376696458126447 0.169811320754717 0.30983118172790464
1 0.5589622641509435 0.7639854352863292 0.06761006289308163 0.14035087719298234
1 0.7893081761006289 0.846077457795432 0.08490566037735846 0.16153591525984765
1 0.8836477987421384 0.9162528963919232 0.11320754716981128 0.15888778550148971
2 0.6037735849056599 0.15491559086395243 0.14779874213836472 0.28334988414432327
7 0.5762578616352202 0.3058589870903674 0.08962264150943405 0.09268454154253561
2 0.9135220125786162 0.21847070506454805 0.17295597484276695 0.29394240317775555
4 0.8608490566037734 0.5428666004634227 0.24685534591194963 0.48195961602118503
7 0.9080188679245284 0.4157563720622312 0.04245283018867923 0.04237007613373059
4 0.5235849056603774 0.5044687189672294 0.19182389937106925 0.3786825554452168
