2 0.35534591194968557 0.34293280370738166 0.07861635220125791 0.07149950347567031
2 0.44339622641509435 0.5004965243296922 0.04716981132075475 0.07414763323402852
2 0.554245283018868 0.4369414101290963 0.05503144654088046 0.06355511420059586
2 0.5683962264150944 0.5746441575637207 0.11163522012578625 0.14829526646805682
2 0.7075471698113208 0.5256537570340947 0.09748427672955984 0.13505461767626614
3 0.34984276729559755 0.4223766964581264 0.03616352201257861 0.045018205892088686
3 0.4441823899371069 0.5653757034094671 0.03616352201257861 0.045018205892088756
3 0.5408805031446541 0.48460774577954324 0.02830188679245282 0.026481297583581594
3 0.6878930817610063 0.6183382985766303 0.023584905660377443 0.034425686858656095
3 0.5416666666666667 0.681893412777226 0.029874213836477922 0.03972194637537243
5 0.34827044025157233 0.6421714664018536 0.05503144654088054 0.09268454154253554
5 0.3970125786163522 0.6342270771267792 0.026729559748427646 0.06620324395895402
5 0.470125786163522 0.8354849387619994 0.03459119496855344 0.034425686858656095
5 0.45518867924528306 0.7163190996358821 0.05188679245283019 0.045018205892088756
4 0.3286163522012579 0.5945051307514069 0.11635220125786169 0.34160873882820264
4 0.5966981132075472 0.7811982787156572 0.14937106918238988 0.23303541873551795
4 0.7696540880503143 0.7428003972194639 0.13364779874213842 0.27275736511089044
4 0.43710691823899367 0.6342270771267792 0.06289308176100626 0.10857332009268447
