2 0.24898469904462328 0.31619772118709377 0.11075862014242155 0.21797262279040658
7 0.27799290908192414 0.34421301126360376 0.08601035703367536 0.1018116639365849
5 0.4228653029793035 0.3308117506193771 0.08590892972585258 0.11905814982758763
5 0.469256125031264 0.27376305382699145 0.07658167449847433 0.10252229568486708
5 0.5648932761182658 0.4399256989847021 0.06262569924987915 0.08960696231747967
5 0.6370790931739895 0.4515932722031239 0.07509541812706758 0.10547486189453338
4 0.6334470123486854 0.12949470075233616 0.10917928549966367 0.1638126504090798
7 0.6150195283936551 0.2286690527909881 0.08174593486156795 0.1008078326071647
2 0.689976394088754 0.12132737918150711 0.0011084194557500382 0.00653384100231623
4 0.3125812897422206 0.664369279819153 0.18467965350209004 0.46292123672546054
4 0.6290259694628815 0.6017436078444137 0.12961030369878393 0.6305198696435622
