4 0.30188679245283023 0.31512744124462094 0.20125786163522016 0.32307183051969546
7 0.27908805031446543 0.17345249917245945 0.06446540880503143 0.07679576299238665
7 0.6053459119496856 0.26613704071499505 0.05345911949685536 0.07149950347567031
2 0.27358490566037735 0.05825885468387951 0.1289308176100629 0.11651770936775901
2 0.6108490566037732 0.1575637206223105 0.11163522012578538 0.13505461767626614
4 0.6029874213836479 0.33234028467394905 0.17452830188679236 0.1721284342932804
1 0.23820754716981132 0.6183382985766301 0.09276729559748426 0.10327706057596821
1 0.40487421383647804 0.44620986428334974 0.055031446540880685 0.09268454154253561
1 0.5369496855345912 0.4634227077126779 0.0864779874213837 0.12181396888447522
1 0.6745283018867925 0.4515061238000662 0.08490566037735853 0.12446209864283347
