2 0.6155660377358491 0.18669314796425027 0.08647798742138363 0.14035087719298248
7 0.6100628930817611 0.3005627275736511 0.04088050314465413 0.04501820589208872
1 0.5888364779874213 0.5945051307514068 0.04245283018867923 0.10857332009268447
1 0.6886792452830187 0.48725587553790134 0.0440251572327044 0.10062893081761011
1 0.7979559748427674 0.30585898709036746 0.04245283018867923 0.034425686858656095
1 0.8168238993710694 0.28070175438596495 0.0235849056603773 0.06885137371731215
1 0.8836477987421384 0.2105263157894737 0.03773584905660371 0.034425686858656095
1 0.8985849056603774 0.1893412777226084 0.026729559748427646 0.06090698444223767
2 0.8482704402515724 0.029129427341939754 0.08647798742138349 0.05825885468387951
7 0.828616352201258 0.0913604766633565 0.02830188679245282 0.029129427341939768
