1 0.3559027777777778 0.6500974658869396 0.0543981481481481 0.1033138401559453
1 0.4855719093667046 0.5497076023391813 0.05208333333333329 0.14814814814814825
2 0.3304398148148148 0.2582846003898635 0.16782407407407404 0.239766081871345
2 0.4207175925925926 0.15692007797270954 0.08217592592592596 0.10331384015594543
2 0.47800925925925924 0.2046783625730994 0.07175925925925924 0.06237816764132553
7 0.4699074074074074 0.2729044834307992 0.04166666666666671 0.03508771929824562
7 0.42708333333333326 0.2738791423001949 0.03472222222222222 0.03703703703703706
3 0.33854166666666663 0.3927875243664717 0.09837962962962958 0.10721247563352826
0 0.32175925925925936 0.7017543859649112 0.2245370370370371 0.5964912280701751
1 0.525028441410694 0.4943416561882522 0.04209328782707623 0.06131369379079096
