0 0.4353183677468875 0.48642153328526805 0.1742897647694085 0.5114155251141553
1 0.663677130044843 0.5975926362992684 0.09641255605381169 0.12272834552749579
1 0.6143497757847534 0.5201793721973094 0.08520179372197312 0.11139957517111157
7 0.4585870577325214 0.20615683303752275 0.05044843049327342 0.15885226086657614
2 0.4495515609152052 0.1038470616001888 0.1412556053811658 0.2076941232003776
7 0.9491331954145908 0.21259096404981415 0.02600364963503651 0.020072992700729948
2 0.95942630672846 0.15967180967281355 0.040089122496424406 0.060218978102189784
1 0.9848595951714775 0.13859741879205628 0.030280809657045205 0.05456710035783527
1 0.941548813868613 0.3613138686131387 0.021669708029197068 0.040145985401459895
1 0.9063355220569267 0.337590917912131 0.022753193430657036 0.02919708029197082
0 0.9453410127737226 0.3348540145985402 0.050923813868613194 0.28284671532846717
0 0.987055200729927 0.3284671532846716 0.02383667883211672 0.2372262773722628
